128 262144 11697.054 11884.928 18892.05 3.55222773601 5.64655200267 5.73724495074 7.10445547201 11.2931040053 11.4744899015
256 131072 5830.05 5851.984 8177.042 8.20698536219 11.4677114633 11.510855653 16.4139707244 22.9354229267 23.0217113061
384 131072 5831.957 5844.116 7456.064 13.5008626535 17.224725861 17.2606375527 27.0017253071 34.449451722 34.5212751054
512 65536 2917.051 2936.125 3530.979 19.0057386351 22.8562694027 23.0057218746 38.0114772702 45.7125388054 46.0114437492
640 65536 2996.922 3017.187 3613.949 23.2117498061 27.802744742 27.9907451712 46.4234996122 55.6054894841 55.9814903424
768 65536 2965.927 2972.841 3591.061 28.0316307632 33.8609754104 33.9399101866 56.0632615263 67.7219508208 67.8798203732
896 65536 3665.209 3669.024 4215.002 27.8625044543 32.0086518922 32.0419686845 55.7250089087 64.0173037843 64.0839373689
1024 32768 1806.021 1808.882 2001.047 33.5368754457 37.0996361288 37.1584073496 67.0737508914 74.1992722577 74.3168146993
1152 32768 2261.877 2265.93 2471.924 30.5419875368 33.3185367597 33.3782394003 61.0839750737 66.6370735195 66.7564788006
1280 32768 2244.949 2246.857 2360.106 35.5433527138 37.3348548662 37.3665860561 71.0867054276 74.6697097323 74.7331721122
1408 32768 2722.979 2724.886 2725.84 33.8518357644 33.8636875084 33.8874034651 67.7036715288 67.7273750168 67.7748069302
1536 32768 2687.931 2688.169 2691.984 37.3937200221 37.4467885018 37.4501041879 74.7874400442 74.8935770035 74.9002083759
1664 32768 3165.007 3169.06 3432.035 31.7747062603 34.4114355676 34.4555016782 63.5494125206 68.8228711353 68.9110033564
1792 32768 3123.999 3123.999 3705.978 31.6894789985 37.5930056316 37.5930056316 63.3789579971 75.1860112631 75.1860112631
1920 32768 3682.137 3684.044 3685.951 34.1374912472 34.155162099 34.1728512546 68.2749824943 68.3103241981 68.3457025092
2048 16384 1114.13 1115.084 1118.183 60.0159938042 60.1827880231 60.23432095 120.031987608 120.365576046 120.4686419
2176 16384 1396.894 1399.994 1574.993 45.2720539075 50.9310525617 51.0440792215 90.5441078151 101.862105123 102.088158443
2304 16384 1389.027 1392.841 1607.895 46.9542302203 54.2039414406 54.3527750001 93.9084604405 108.407882881 108.70555
2432 16384 1585.96 1586.914 1586.914 50.2180811311 50.2180811311 50.2482887336 100.436162262 100.436162262 100.496577467
2560 16384 1585.007 1588.106 1594.067 52.6239361332 52.8214615397 52.9247378718 105.247872266 105.642923079 105.849475744
2816 16384 1832.008 1835.108 2006.054 45.9981077279 50.2829740811 50.3680595281 91.9962154558 100.565948162 100.736119056
3072 16384 2040.148 2042.055 2140.999 47.0169747861 49.2950953819 49.3411732874 94.0339495721 98.5901907637 98.6823465749
3328 16384 2257.824 2261.162 2263.069 48.1876177881 48.2282578603 48.2995592216 96.3752355761 96.4565157207 96.5991184432
3584 16384 2475.023 2481.937 2790.928 42.0793771821 47.3180874454 47.4502709672 84.1587543641 94.6361748908 94.9005419344
3840 16384 2691.984 2698.183 2884.15 43.6278002184 46.6347612449 46.7421500276 87.2556004369 93.2695224898 93.4843000553
4224 8192 1247.168 1249.075 1425.982 48.5321806306 55.4058131017 55.4905321496 97.0643612612 110.811626203 110.981064299
4608 8192 1349.926 1353.979 1365.9 55.2730595212 55.7597067606 55.927118968 110.546119042 111.519413521 111.854237936
4992 8192 1573.086 1575.947 2129.078 38.4151862919 51.8982732287 51.9926615582 76.8303725838 103.796546457 103.985323116
5376 8192 1679.897 1682.997 1688.957 52.1507557623 52.3354373181 52.4320145818 104.301511525 104.670874636 104.864029164
5888 8192 1893.997 1897.097 2079.01 46.4014083626 50.8508484279 50.9340785651 92.8028167253 101.701696856 101.86815713
6400 8192 1802.921 1803.875 1808.167 57.9911036978 58.1290832236 58.1598417235 115.982207396 116.258166447 116.319683447
7040 8192 2135.038 2136.946 2788.067 41.3703687896 53.975795364 54.0240314224 82.7407375791 107.951590728 108.048062845
7680 8192 2348.9 2378.941 2597.809 48.4366325623 52.8929132753 53.5693814126 96.8732651246 105.785826551 107.138762825
8448 4096 1178.98 1182.079 1191.139 58.1007052913 58.54601596 58.699906699 116.201410583 117.09203192 117.399813398
9216 4096 1343.012 1346.111 1368.046 55.1863548448 56.0856214681 56.2150390317 110.37270969 112.171242936 112.430078063
10112 4096 1561.88 1562.119 1565.218 52.9239403074 53.0289331351 53.0370476605 105.847880615 106.05786627 106.074095321
11008 4096 1569.033 1572.847 1642.942 54.8878390108 57.3339530164 57.4733201915 109.775678022 114.667906033 114.946640383
12032 4096 1781.94 1785.04 1785.994 55.1883959297 55.2178909156 55.3139522094 110.376791859 110.435781831 110.627904419
13184 4096 1897.097 1899.004 1903.057 56.7525449842 56.8736706189 56.9308411747 113.505089968 113.747341238 113.861682349
14464 4096 2018.929 2022.028 2025.127 58.5094603943 58.5991331475 58.6890811911 117.018920789 117.198266295 117.378162382
15872 4096 2285.004 2285.957 2294.064 56.6782025262 56.8792081391 56.9029305857 113.356405052 113.758416278 113.805861171
17408 2048 1228.094 1230.001 1232.147 57.8690432229 57.9700081545 58.0600247212 115.738086446 115.940016309 116.120049442
19072 2048 1339.912 1342.058 1343.012 58.1669501092 58.208298002 58.3015242792 116.333900218 116.416596004 116.603048558
20864 2048 1447.916 1450.062 1462.936 58.4160510098 58.9346827929 59.0220316648 116.83210202 117.869365586 118.04406333
22912 2048 1587.152 1589.06 1596.928 58.7675537031 59.0585327175 59.1295301269 117.535107406 118.117065435 118.259060254
25088 2048 1727.104 1729.965 1734.972 59.2288797744 59.4003046304 59.4987030312 118.457759549 118.800609261 118.997406062
27520 2048 1921.892 1924.038 1928.091 58.4629667376 58.586119401 58.6515371311 116.925933475 117.172238802 117.303074262
30208 2048 2115.011 2117.872 2122.879 58.2849837414 58.4227790915 58.5018082648 116.569967483 116.845558183 117.00361653
33152 1024 1142.025 1143.932 1147.032 59.1921550576 59.3525629146 59.4516722489 118.384310115 118.705125829 118.903344498
36352 1024 1266.956 1269.102 1271.963 58.5307088335 58.6626575326 58.7620217277 117.061417667 117.325315065 117.524043455
39936 1024 1378.059 1379.967 1382.828 59.1461324185 59.2687564268 59.3508173453 118.292264837 118.537512854 118.701634691
43904 1024 1518.011 1520.157 1541.853 58.3164491038 59.1487537143 59.2323718339 116.632898208 118.297507429 118.464743668
48256 1024 1668.93 1669.168 1672.029 59.1068025734 59.2081132636 59.216556716 118.213605147 118.416226527 118.433113432
52992 1024 1836.061 1838.207 1854.181 58.5312954884 59.0399318466 59.1089381017 117.062590977 118.079863693 118.217876203
58240 1024 2002.954 2006.054 2035.141 58.6079883409 59.457781296 59.5498049381 117.215976682 118.915562592 119.099609876
64000 1024 2182.961 2187.014 2210.14 59.3048404173 59.931943737 60.0432165302 118.609680835 119.863887474 120.08643306
70400 512 1203.06 1204.014 1208.067 59.6735114857 59.8743868427 59.9218659086 119.347022971 119.748773685 119.843731817
77440 512 1338.005 1339.912 1339.912 59.1819164244 59.1819164244 59.2662658211 118.363832849 118.363832849 118.532531642
85120 512 1463.89 1464.128 1471.996 59.2140739513 59.5322813306 59.54196012 118.428147903 119.064562661 119.08392024
93568 512 1605.034 1607.895 1610.041 59.5100571973 59.5894831441 59.6957023963 119.020114395 119.178966288 119.391404793
102912 512 1748.8 1753.092 1765.966 59.6737921342 60.1120123758 60.2595425435 119.347584268 120.224024752 120.519085087
113152 512 1924.992 1929.045 1933.098 59.9388380724 60.0647719467 60.1912361194 119.877676145 120.129543893 120.382472239
124416 512 2125.025 2126.932 2129.078 59.8390401855 59.8994156842 59.9531694921 119.678080371 119.798831368 119.906338984
136832 256 1170.874 1172.066 1189.947 58.8748776206 59.7730707998 59.833922352 117.749755241 119.5461416 119.667844704
150400 256 1281.023 1285.076 1287.937 59.7892598784 59.9223703501 60.1119573965 119.578519757 119.8447407 120.223914793
165376 256 1410.007 1410.961 1441.956 58.7205934162 60.0105261591 60.0511288242 117.441186832 120.021052318 120.102257648
181888 256 1552.105 1554.966 1570.94 59.2808484092 59.8898342472 60.0002293659 118.561696818 119.779668494 120.000458732
200064 256 1703.978 1706.123 1707.077 60.0047730712 60.03832549 60.113902879 120.009546142 120.07665098 120.227805758
220032 256 1869.917 1873.016 1873.97 60.1164287582 60.1470483968 60.2467296677 120.232857516 120.294096794 120.493459335
241920 256 2053.022 2053.022 2058.983 60.1573883806 60.3320568411 60.3320568411 120.314776761 120.664113682 120.664113682
266112 128 1134.157 1135.111 2007.008 33.9433983322 60.0158680517 60.0663506023 67.8867966645 120.031736103 120.132701205
292608 128 1245.022 1245.975 1249.075 59.9704965675 60.1197038464 60.1657223728 119.940993135 120.239407693 120.331444746
321792 128 1365.9 1367.092 1373.053 59.9967750699 60.2583820255 60.3109685921 119.99355014 120.516764051 120.621937184
353920 128 1505.852 1508.951 1513.004 59.8831992513 60.0440438424 60.1676127534 119.766398503 120.088087685 120.335225507
389248 128 1652.002 1653.91 1659.155 60.0591795221 60.2496435719 60.3192296377 120.118359044 120.499287144 120.638459275
428160 128 1816.988 1825.809 1844.168 59.4354527353 60.03309218 60.3245370911 118.870905471 120.06618436 120.649074182
470912 128 2002.954 2012.014 2708.197 44.514291981 59.9168156882 60.1878385624 89.0285839619 119.833631376 120.375677125
517888 64 1100.063 1101.017 1101.971 60.1555431132 60.207666185 60.2598796614 120.311086226 120.41533237 120.519759323
569600 64 1209.021 1213.074 1876.116 38.8615629311 60.102516417 60.3039980282 77.7231258622 120.205032834 120.607996056
626560 64 1332.998 1334.19 1389.027 57.7380281305 60.1111385935 60.1648914702 115.476056261 120.222277187 120.32978294
689152 64 1462.936 1466.036 1471.043 59.9652464272 60.170047666 60.2975495852 119.930492854 120.340095332 120.59509917
758016 64 1606.941 1610.041 2336.025 41.5346787813 60.2630914368 60.379346846 83.0693575625 120.526182874 120.758693692
833792 64 1769.066 1770.973 1776.934 60.061530704 60.2636945905 60.3286570428 120.123061408 120.527389181 120.657314086
917120 64 1948.118 1950.026 1952.887 60.1117012915 60.1998947706 60.2588549564 120.223402583 120.399789541 120.517709913
1008768 64 2140.999 2143.86 2151.012 60.0286302447 60.2288880804 60.3093714663 120.057260489 120.457776161 120.618742933
1109632 32 1178.026 1183.033 1190.901 59.6325370455 60.0291352819 60.2842789548 119.265074091 120.058270564 120.56855791
1220480 32 1296.997 1296.997 1299.143 60.1248053525 60.2242873345 60.2242873345 120.249610705 120.448574669 120.448574669
1342464 32 1422.882 1424.074 1430.035 60.0808343852 60.3323254269 60.3828680101 120.16166877 120.664650854 120.76573602
1476608 32 1564.98 1564.98 1569.986 60.1934743367 60.3860189907 60.3860189907 120.386948673 120.772037981 120.772037981
1624192 32 1723.051 1724.005 3491.879 29.7685824738 60.294655758 60.3280390424 59.5371649476 120.589311516 120.656078085
1786496 32 1895.189 1896.143 2140.045 53.4267942964 60.299114571 60.3294679317 106.853588593 120.598229142 120.658935863
1965056 32 2085.924 2087.831 2090.931 60.1471708057 60.2364769945 60.291546576 120.294341611 120.472953989 120.583093152
2161536 16 1147.032 1148.224 1248.121 55.4186268799 60.2401203946 60.302722156 110.83725376 120.480240789 120.605444312
2377600 16 1261.95 1266.003 1269.817 59.9166651573 60.0971719656 60.2901858235 119.833330315 120.194343931 120.580371647
2615296 16 1386.166 1389.027 1389.98 60.2091195557 60.2504285374 60.3747833954 120.418239111 120.500857075 120.749566791
2876800 16 1525.879 1528.025 1552.82 59.284141111 60.2461347164 60.3308650293 118.568282222 120.492269433 120.661730059
3164416 16 1677.036 1679.897 1683.95 60.1332058553 60.2782861092 60.3811200237 120.266411711 120.556572218 120.762240047
3480832 16 1844.168 1847.982 1852.989 60.1118646684 60.2747342777 60.3993909449 120.223729337 120.549468555 120.79878189
3828864 16 2032.042 2032.995 2058.983 59.5068769388 60.2675599301 60.2958245942 119.013753878 120.53511986 120.591649188
4211712 8 1118.898 1119.137 1132.011 59.528919772 60.2137111006 60.2265729316 119.057839544 120.427422201 120.453145863
4632832 8 1228.809 1230.001 1238.823 59.8352726741 60.2644323053 60.3228915153 119.670545348 120.528864611 120.645783031
5096064 8 1351.833 1352.072 1389.98 58.6605735334 60.3052381826 60.3158999669 117.321147067 120.610476365 120.631799934
5605632 8 1486.063 1488.924 1526.833 58.7425815397 60.2382069199 60.3541787932 117.485163079 120.47641384 120.708357586
6166144 8 1634.836 1636.028 1637.936 60.2333082611 60.3035547069 60.3475235436 120.466616522 120.607109414 120.695047087
6782720 8 1801.014 1802.921 1826.048 59.430814524 60.193164315 60.2568997243 118.861629048 120.38632863 120.513799449
7460992 8 1980.066 1981.02 2397.06 49.8009528339 60.2598015164 60.2888348166 99.6019056678 120.519603033 120.577669633
8206976 4 1090.05 1091.003 1097.918 59.8002838099 60.179310231 60.2319233063 119.60056762 120.358620462 120.463846613
9027584 4 1197.815 1200.914 1227.14 58.852838307 60.1380881562 60.2936780722 117.705676614 120.276176312 120.587356144
9930240 4 1319.17 1326.084 1331.091 59.6818098838 59.9071552028 60.2211390496 119.363619768 119.814310406 120.442278099
10923264 4 1448.87 1450.062 1477.003 59.1644783389 60.2637073449 60.3132869063 118.328956678 120.52741469 120.626573813
12015488 4 1593.828 1599.073 1605.034 59.8890141891 60.112267545 60.3100861574 119.778028378 120.22453509 120.620172315
13217024 4 1751.9 1754.999 1764.059 59.93914716 60.2485767798 60.3551526914 119.87829432 120.49715356 120.710305383
14538624 4 1929.045 1929.998 1931.906 60.2042708082 60.2637888744 60.2935608034 120.408541616 120.527577749 120.587121607
15992448 4 2121.925 2125.978 2219.915 57.6326498988 60.1791664824 60.2941121859 115.265299798 120.358332965 120.588224372
17591680 2 1167.774 1168.966 1171.827 60.0487273292 60.1956943145 60.2571387957 120.097454658 120.391388629 120.514277591
19350784 2 1283.884 1284.122 1293.182 59.8547891944 60.277088937 60.2882628026 119.709578389 120.554177874 120.576525605
21285760 2 1414.061 1416.922 1420.975 59.9187459315 60.0901390479 60.2117164677 119.837491863 120.180278096 120.423432935
23414272 2 1552.82 1554.966 1557.827 60.1203394215 60.2309555321 60.3141948197 120.240678843 120.461911064 120.628389639
25755648 2 1709.938 1711.845 1716.852 60.0066819971 60.1821964021 60.2493143026 120.013363994 120.364392804 120.498628605
28331136 2 1879.93 1882.076 1886.845 60.0603356397 60.2125227674 60.2812572809 120.120671279 120.425045535 120.562514562
31164160 2 2068.996 2072.096 2074.957 60.0767341203 60.1596837212 60.2498216526 120.153468241 120.319367442 120.499643305
34280576 1 1266.003 1285.076 1294.136 52.9783206711 53.3518266624 54.1555999472 105.956641342 106.703653325 108.311199894
37708544 1 1376.867 1420.021 1456.022 51.7966679075 53.1098399249 54.7744175726 103.593335815 106.21967985 109.548835145
41479296 1 1540.899 1579.046 1582.861 52.4105351007 52.5371597788 53.8377869023 104.821070201 105.074319558 107.675573805
45627136 1 1749.992 1776.934 1787.901 51.0398909112 51.3549023205 52.1455366653 102.079781822 102.709804641 104.291073331
50189824 1 2290.964 2485.037 2524.853 39.756630584 40.3936231131 43.8154628357 79.5132611681 80.7872462261 87.6309256715
55208704 1 3706.932 3959.179 4153.013 26.5873013159 27.8889658689 29.7867368487 53.1746026319 55.7779317379 59.5734736974
60729472 1 5044.937 5084.991 5190.134 23.4018898163 23.8857736425 24.0754134293 46.8037796327 47.7715472849 48.1508268587

META_DATA
ERT_VERSION  1.1.0
TIMESTAMP_DATA  1554494145.87
TIMESTAMP_DATA  1554494146.92
HOSTNAME  ('marianas.pnl.gov', [], ['130.20.68.57'])
FLOPS          32
TIMESTAMP_DATA  1554494146.42
UNAME  ('Linux', 'marianas.pnl.gov', '3.10.0-514.21.1.el7.x86_64', '#1 SMP Thu May 25 17:04:51 UTC 2017', 'x86_64', 'x86_64')
OPENMP_THREADS 16
TIMESTAMP_DATA  1554494147.92
TIMESTAMP_DATA  1554494147.42
CONFIG  {'ERT_WORKING_SET_MIN': ['1'], 'ERT_CFLAGS': ['-O3', '-msse3', '-axSSE3', '-xSSE3', '-fno-alias', '-fno-fnalias', '-DERT_INTEL'], 'ERT_CC': ['icc'], 'ERT_OPENMP_LDFLAGS': ['-qopenmp'], 'ERT_MEMORY_MAX': ['65558828'], 'ERT_LDFLAGS': [], 'ERT_LDLIBS': [], 'ERT_RUN': ['export', 'KMP_AFFINITY=scatter;', 'export', 'OMP_NUM_THREADS=ERT_OPENMP_THREADS;', 'ERT_CODE'], 'ERT_FLOPS': ['32'], 'ERT_OPENMP_CFLAGS': ['-qopenmp'], 'ERT_MPI': [False], 'ERT_TRIALS_MIN': ['1'], 'ERT_DRIVER': ['driver1'], 'ERT_RESULTS': ['marianas_omp'], 'ERT_OPENMP': ['True'], 'ERT_OPENMP_THREADS': ['16'], 'ERT_KERNEL': ['kernel1'], 'ERT_GPU': [False], 'ERT_LD': ['icc'], 'ERT_NUM_EXPERIMENTS': ['5'], 'ERT_ALIGN': ['32'], 'ERT_GNUPLOT': ['gnuplot']}
