         128            1           3.099          256          512
         128            2           2.146          512         1024
         128            4           1.907         1024         2048
         128            8           1.907         2048         4096
         128           16           1.907         4096         8192
         128           32           4.053         8192        16384
         128           64           3.815        16384        32768
         128          128           7.868        32768        65536
         128          256          12.875        65536       131072
         128          512          24.080       131072       262144
         128         1024          47.207       262144       524288
         128         2048          92.983       524288      1048576
         128         4096         182.867      1048576      2097152
         128         8192         365.019      2097152      4194304
         128        16384         734.091      4194304      8388608
         128        32768        1465.082      8388608     16777216
         128        65536        2935.171     16777216     33554432
         128       131072        5854.130     33554432     67108864
         128       262144       11703.968     67108864    134217728
         256            1           1.907          512         1024
         256            2           2.861         1024         2048
         256            4           1.907         2048         4096
         256            8           1.907         4096         8192
         256           16           2.146         8192        16384
         256           32           4.053        16384        32768
         256           64           4.053        32768        65536
         256          128           7.868        65536       131072
         256          256          12.875       131072       262144
         256          512          24.080       262144       524288
         256         1024          46.968       524288      1048576
         256         2048          92.983      1048576      2097152
         256         4096         183.105      2097152      4194304
         256         8192         369.072      4194304      8388608
         256        16384         736.952      8388608     16777216
         256        32768        1459.122     16777216     33554432
         256        65536        2954.960     33554432     67108864
         256       131072        5851.984     67108864    134217728
         384            1           2.146          768         1536
         384            2           3.099         1536         3072
         384            4           2.861         3072         6144
         384            8           2.861         6144        12288
         384           16           2.146        12288        24576
         384           32           3.099        24576        49152
         384           64           4.053        49152        98304
         384          128           7.868        98304       196608
         384          256          12.875       196608       393216
         384          512          25.034       393216       786432
         384         1024          46.968       786432      1572864
         384         2048          92.983      1572864      3145728
         384         4096         183.821      3145728      6291456
         384         8192         367.880      6291456     12582912
         384        16384         727.892     12582912     25165824
         384        32768        1459.837     25165824     50331648
         384        65536        2924.919     50331648    100663296
         384       131072        5831.957    100663296    201326592
         512            1           1.907         1024         2048
         512            2           2.146         2048         4096
         512            4           2.146         4096         8192
         512            8           1.907         8192        16384
         512           16           2.861        16384        32768
         512           32           2.861        32768        65536
         512           64           5.007        65536       131072
         512          128           6.914       131072       262144
         512          256          14.067       262144       524288
         512          512          25.034       524288      1048576
         512         1024          47.207      1048576      2097152
         512         2048          92.030      2097152      4194304
         512         4096         183.105      4194304      8388608
         512         8192         365.019      8388608     16777216
         512        16384         747.919     16777216     33554432
         512        32768        1460.075     33554432     67108864
         512        65536        2936.125     67108864    134217728
         640            1           2.146         1280         2560
         640            2           1.907         2560         5120
         640            4           1.907         5120        10240
         640            8           1.907        10240        20480
         640           16           2.146        20480        40960
         640           32           3.099        40960        81920
         640           64           5.007        81920       163840
         640          128           6.914       163840       327680
         640          256          14.067       327680       655360
         640          512          24.796       655360      1310720
         640         1024          47.922      1310720      2621440
         640         2048          94.891      2621440      5242880
         640         4096         186.920      5242880     10485760
         640         8192         374.079     10485760     20971520
         640        16384         750.065     20971520     41943040
         640        32768        1494.169     41943040     83886080
         640        65536        3017.187     83886080    167772160
         768            1           1.907         1536         3072
         768            2           1.907         3072         6144
         768            4           1.907         6144        12288
         768            8           2.146        12288        24576
         768           16           3.099        24576        49152
         768           32           3.099        49152        98304
         768           64           5.007        98304       196608
         768          128           8.106       196608       393216
         768          256          14.067       393216       786432
         768          512          25.034       786432      1572864
         768         1024          48.161      1572864      3145728
         768         2048          93.937      3145728      6291456
         768         4096         186.920      6291456     12582912
         768         8192         370.979     12582912     25165824
         768        16384         744.104     25165824     50331648
         768        32768        1486.063     50331648    100663296
         768        65536        2967.119    100663296    201326592
         896            1           2.146         1792         3584
         896            2           1.907         3584         7168
         896            4           1.907         7168        14336
         896            8           1.907        14336        28672
         896           16           3.099        28672        57344
         896           32           4.053        57344       114688
         896           64           5.960       114688       229376
         896          128           8.821       229376       458752
         896          256          15.974       458752       917504
         896          512          30.994       917504      1835008
         896         1024          58.174      1835008      3670016
         896         2048         115.156      3670016      7340032
         896         4096         230.074      7340032     14680064
         896         8192         462.055     14680064     29360128
         896        16384         916.004     29360128     58720256
         896        32768        1832.962     58720256    117440512
         896        65536        3669.024    117440512    234881024
        1024            1           1.907         2048         4096
        1024            2           1.907         4096         8192
        1024            4           1.907         8192        16384
        1024            8           2.146        16384        32768
        1024           16           3.099        32768        65536
        1024           32           4.053        65536       131072
        1024           64           5.007       131072       262144
        1024          128           8.821       262144       524288
        1024          256          15.974       524288      1048576
        1024          512          30.041      1048576      2097152
        1024         1024          58.174      2097152      4194304
        1024         2048         114.918      4194304      8388608
        1024         4096         228.882      8388608     16777216
        1024         8192         451.088     16777216     33554432
        1024        16384         905.037     33554432     67108864
        1024        32768        1819.134     67108864    134217728
        1152            1           2.146         2304         4608
        1152            2           1.907         4608         9216
        1152            4           1.907         9216        18432
        1152            8           2.146        18432        36864
        1152           16           2.861        36864        73728
        1152           32           2.861        73728       147456
        1152           64           5.960       147456       294912
        1152          128          11.206       294912       589824
        1152          256          20.027       589824      1179648
        1152          512          36.955      1179648      2359296
        1152         1024          73.910      2359296      4718592
        1152         2048         144.005      4718592      9437184
        1152         4096         283.957      9437184     18874368
        1152         8192         570.059     18874368     37748736
        1152        16384        1129.866     37748736     75497472
        1152        32768        2261.877     75497472    150994944
        1280            1           1.907         2560         5120
        1280            2           1.907         5120        10240
        1280            4           1.192        10240        20480
        1280            8           1.907        20480        40960
        1280           16           2.861        40960        81920
        1280           32           3.815        81920       163840
        1280           64           5.960       163840       327680
        1280          128          10.014       327680       655360
        1280          256          19.073       655360      1310720
        1280          512          37.193      1310720      2621440
        1280         1024          72.002      2621440      5242880
        1280         2048         144.005      5242880     10485760
        1280         4096         280.857     10485760     20971520
        1280         8192         560.999     20971520     41943040
        1280        16384        1126.051     41943040     83886080
        1280        32768        2245.903     83886080    167772160
        1408            1           0.954         2816         5632
        1408            2           2.146         5632        11264
        1408            4           2.146        11264        22528
        1408            8           2.861        22528        45056
        1408           16           2.861        45056        90112
        1408           32           5.007        90112       180224
        1408           64           7.153       180224       360448
        1408          128          11.921       360448       720896
        1408          256          22.173       720896      1441792
        1408          512          44.107      1441792      2883584
        1408         1024          86.069      2883584      5767168
        1408         2048         170.946      5767168     11534336
        1408         4096         349.998     11534336     23068672
        1408         8192         679.970     23068672     46137344
        1408        16384        1364.946     46137344     92274688
        1408        32768        2722.979     92274688    184549376
        1536            1           2.146         3072         6144
        1536            2           1.907         6144        12288
        1536            4           1.907        12288        24576
        1536            8           3.099        24576        49152
        1536           16           2.861        49152        98304
        1536           32           5.007        98304       196608
        1536           64           7.153       196608       393216
        1536          128          13.113       393216       786432
        1536          256          22.888       786432      1572864
        1536          512          42.915      1572864      3145728
        1536         1024          88.215      3145728      6291456
        1536         2048         169.992      6291456     12582912
        1536         4096         336.170     12582912     25165824
        1536         8192         683.069     25165824     50331648
        1536        16384        1343.012     50331648    100663296
        1536        32768        2691.984    100663296    201326592
        1664            1           2.146         3328         6656
        1664            2           1.907         6656        13312
        1664            4           1.907        13312        26624
        1664            8           2.146        26624        53248
        1664           16           3.099        53248       106496
        1664           32           5.007       106496       212992
        1664           64           7.153       212992       425984
        1664          128          15.020       425984       851968
        1664          256          26.226       851968      1703936
        1664          512          51.022      1703936      3407872
        1664         1024         100.136      3407872      6815744
        1664         2048         198.126      6815744     13631488
        1664         4096         396.967     13631488     27262976
        1664         8192         790.834     27262976     54525952
        1664        16384        1594.067     54525952    109051904
        1664        32768        3165.960    109051904    218103808
        1792            1           0.954         3584         7168
        1792            2           1.907         7168        14336
        1792            4           2.146        14336        28672
        1792            8           3.099        28672        57344
        1792           16           3.099        57344       114688
        1792           32           5.007       114688       229376
        1792           64           8.106       229376       458752
        1792          128          14.067       458752       917504
        1792          256          25.988       917504      1835008
        1792          512          51.022      1835008      3670016
        1792         1024          98.944      3670016      7340032
        1792         2048         198.841      7340032     14680064
        1792         4096         391.006     14680064     29360128
        1792         8192         792.980     29360128     58720256
        1792        16384        1561.165     58720256    117440512
        1792        32768        3380.060    117440512    234881024
        1920            1           1.907         3840         7680
        1920            2           2.146         7680        15360
        1920            4           2.146        15360        30720
        1920            8           3.099        30720        61440
        1920           16           4.053        61440       122880
        1920           32           5.007       122880       245760
        1920           64           9.060       245760       491520
        1920          128          15.020       491520       983040
        1920          256          29.087       983040      1966080
        1920          512          58.889      1966080      3932160
        1920         1024         117.064      3932160      7864320
        1920         2048         230.789      7864320     15728640
        1920         4096         463.009     15728640     31457280
        1920         8192         921.965     31457280     62914560
        1920        16384        1840.115     62914560    125829120
        1920        32768        3684.998    125829120    251658240
        2048            1           2.861         4096         8192
        2048            2           1.907         8192        16384
        2048            4           2.146        16384        32768
        2048            8           1.907        32768        65536
        2048           16           2.861        65536       131072
        2048           32           4.053       131072       262144
        2048           64           5.007       262144       524288
        2048          128          10.014       524288      1048576
        2048          256          19.073      1048576      2097152
        2048          512          36.001      2097152      4194304
        2048         1024          71.049      4194304      8388608
        2048         2048         143.051      8388608     16777216
        2048         4096         280.142     16777216     33554432
        2048         8192         556.946     33554432     67108864
        2048        16384        1114.845     67108864    134217728
        2176            1           1.907         4352         8704
        2176            2           1.907         8704        17408
        2176            4           1.907        17408        34816
        2176            8           1.907        34816        69632
        2176           16           2.861        69632       139264
        2176           32           3.815       139264       278528
        2176           64          10.014       278528       557056
        2176          128          13.113       557056      1114112
        2176          256          24.080      1114112      2228224
        2176          512          46.015      2228224      4456448
        2176         1024          89.169      4456448      8912896
        2176         2048         176.191      8912896     17825792
        2176         4096         349.998     17825792     35651584
        2176         8192         702.143     35651584     71303168
        2176        16384        1399.040     71303168    142606336
        2304            1           1.907         4608         9216
        2304            2           1.907         9216        18432
        2304            4           2.146        18432        36864
        2304            8           3.099        36864        73728
        2304           16           2.861        73728       147456
        2304           32           4.053       147456       294912
        2304           64           6.914       294912       589824
        2304          128          11.921       589824      1179648
        2304          256          23.127      1179648      2359296
        2304          512          45.061      2359296      4718592
        2304         1024          91.076      4718592      9437184
        2304         2048         174.999      9437184     18874368
        2304         4096         347.853     18874368     37748736
        2304         8192         695.944     37748736     75497472
        2304        16384        1394.033     75497472    150994944
        2432            1           1.192         4864         9728
        2432            2           1.907         9728        19456
        2432            4           1.907        19456        38912
        2432            8           3.099        38912        77824
        2432           16           3.099        77824       155648
        2432           32           4.053       155648       311296
        2432           64           8.106       311296       622592
        2432          128          14.067       622592      1245184
        2432          256          27.180      1245184      2490368
        2432          512          51.022      2490368      4980736
        2432         1024          99.897      4980736      9961472
        2432         2048         201.941      9961472     19922944
        2432         4096         397.205     19922944     39845888
        2432         8192         794.888     39845888     79691776
        2432        16384        1585.960     79691776    159383552
        2560            1           2.861         5120        10240
        2560            2           1.907        10240        20480
        2560            4           2.146        20480        40960
        2560            8           2.146        40960        81920
        2560           16           3.099        81920       163840
        2560           32           5.007       163840       327680
        2560           64           7.153       327680       655360
        2560          128          14.067       655360      1310720
        2560          256          25.988      1310720      2621440
        2560          512          55.075      2621440      5242880
        2560         1024          99.897      5242880     10485760
        2560         2048         198.841     10485760     20971520
        2560         4096         396.013     20971520     41943040
        2560         8192         795.126     41943040     83886080
        2560        16384        1588.106     83886080    167772160
        2816            1           2.146         5632        11264
        2816            2           1.907        11264        22528
        2816            4           0.954        22528        45056
        2816            8           2.146        45056        90112
        2816           16           4.053        90112       180224
        2816           32           5.007       180224       360448
        2816           64           8.821       360448       720896
        2816          128          15.974       720896      1441792
        2816          256          30.994      1441792      2883584
        2816          512          59.843      2883584      5767168
        2816         1024         115.871      5767168     11534336
        2816         2048         230.074     11534336     23068672
        2816         4096         462.055     23068672     46137344
        2816         8192         918.150     46137344     92274688
        2816        16384        1832.008     92274688    184549376
        3072            1           0.954         6144        12288
        3072            2           2.146        12288        24576
        3072            4           1.907        24576        49152
        3072            8           1.907        49152        98304
        3072           16           2.861        98304       196608
        3072           32           5.007       196608       393216
        3072           64          10.014       393216       786432
        3072          128          17.166       786432      1572864
        3072          256          34.094      1572864      3145728
        3072          512          66.996      3145728      6291456
        3072         1024         128.984      6291456     12582912
        3072         2048         257.015     12582912     25165824
        3072         4096         509.977     25165824     50331648
        3072         8192        1020.908     50331648    100663296
        3072        16384        2140.999    100663296    201326592
        3328            1           3.099         6656        13312
        3328            2           2.146        13312        26624
        3328            4           1.907        26624        53248
        3328            8           4.053        53248       106496
        3328           16           5.007       106496       212992
        3328           32           5.960       212992       425984
        3328           64          10.967       425984       851968
        3328          128          20.027       851968      1703936
        3328          256          36.955      1703936      3407872
        3328          512          72.956      3407872      6815744
        3328         1024         142.097      6815744     13631488
        3328         2048         283.003     13631488     27262976
        3328         4096         567.913     27262976     54525952
        3328         8192        1133.919     54525952    109051904
        3328        16384        2260.923    109051904    218103808
        3584            1           1.907         7168        14336
        3584            2           2.146        14336        28672
        3584            4           3.099        28672        57344
        3584            8           2.146        57344       114688
        3584           16           4.053       114688       229376
        3584           32           6.914       229376       458752
        3584           64          11.921       458752       917504
        3584          128          20.981       917504      1835008
        3584          256          40.054      1835008      3670016
        3584          512          78.917      3670016      7340032
        3584         1024         159.979      7340032     14680064
        3584         2048         309.944     14680064     29360128
        3584         4096         619.888     29360128     58720256
        3584         8192        1250.029     58720256    117440512
        3584        16384        2479.076    117440512    234881024
        3840            1           1.907         7680        15360
        3840            2           1.907        15360        30720
        3840            4           1.907        30720        61440
        3840            8           3.099        61440       122880
        3840           16           4.053       122880       245760
        3840           32           6.914       245760       491520
        3840           64          11.921       491520       983040
        3840          128          22.888       983040      1966080
        3840          256          42.915      1966080      3932160
        3840          512          84.877      3932160      7864320
        3840         1024         177.145      7864320     15728640
        3840         2048         337.124     15728640     31457280
        3840         4096         677.109     31457280     62914560
        3840         8192        1349.211     62914560    125829120
        3840        16384        2701.998    125829120    251658240
        4224            1           1.907         8448        16896
        4224            2           1.907        16896        33792
        4224            4           3.099        33792        67584
        4224            8           4.053        67584       135168
        4224           16           4.053       135168       270336
        4224           32           6.914       270336       540672
        4224           64          10.967       540672      1081344
        4224          128          20.981      1081344      2162688
        4224          256          39.816      2162688      4325376
        4224          512          78.917      4325376      8650752
        4224         1024         155.926      8650752     17301504
        4224         2048         313.044     17301504     34603008
        4224         4096         626.802     34603008     69206016
        4224         8192        1250.982     69206016    138412032
        4608            1           2.146         9216        18432
        4608            2           1.907        18432        36864
        4608            4           1.907        36864        73728
        4608            8           2.861        73728       147456
        4608           16           5.007       147456       294912
        4608           32           6.914       294912       589824
        4608           64          13.113       589824      1179648
        4608          128          22.173      1179648      2359296
        4608          256          44.107      2359296      4718592
        4608          512          86.069      4718592      9437184
        4608         1024         174.999      9437184     18874368
        4608         2048         337.839     18874368     37748736
        4608         4096         677.824     37748736     75497472
        4608         8192        1352.072     75497472    150994944
        4992            1           1.192         9984        19968
        4992            2           2.861        19968        39936
        4992            4           2.861        39936        79872
        4992            8           2.861        79872       159744
        4992           16           5.007       159744       319488
        4992           32           8.106       319488       638976
        4992           64          14.067       638976      1277952
        4992          128          25.988      1277952      2555904
        4992          256          51.022      2555904      5111808
        4992          512          98.944      5111808     10223616
        4992         1024         198.841     10223616     20447232
        4992         2048         397.921     20447232     40894464
        4992         4096         789.165     40894464     81788928
        4992         8192        1574.993     81788928    163577856
        5376            1           2.146        10752        21504
        5376            2           2.146        21504        43008
        5376            4           1.907        43008        86016
        5376            8           2.861        86016       172032
        5376           16           5.007       172032       344064
        5376           32           9.060       344064       688128
        5376           64          15.020       688128      1376256
        5376          128          28.133      1376256      2752512
        5376          256          55.075      2752512      5505024
        5376          512         106.096      5505024     11010048
        5376         1024         215.054     11010048     22020096
        5376         2048         419.855     22020096     44040192
        5376         4096         842.094     44040192     88080384
        5376         8192        1688.957     88080384    176160768
        5888            1           1.907        11776        23552
        5888            2           1.907        23552        47104
        5888            4           3.099        47104        94208
        5888            8           4.053        94208       188416
        5888           16           5.960       188416       376832
        5888           32           9.060       376832       753664
        5888           64          15.974       753664      1507328
        5888          128          30.994      1507328      3014656
        5888          256          59.843      3014656      6029312
        5888          512         118.971      6029312     12058624
        5888         1024         237.942     12058624     24117248
        5888         2048         477.076     24117248     48234496
        5888         4096         950.098     48234496     96468992
        5888         8192        1893.997     96468992    192937984
        6400            1           1.907        12800        25600
        6400            2           2.146        25600        51200
        6400            4           2.146        51200       102400
        6400            8           3.099       102400       204800
        6400           16           5.007       204800       409600
        6400           32           9.060       409600       819200
        6400           64          15.974       819200      1638400
        6400          128          32.902      1638400      3276800
        6400          256          57.936      3276800      6553600
        6400          512         114.202      6553600     13107200
        6400         1024         226.021     13107200     26214400
        6400         2048         451.803     26214400     52428800
        6400         4096         904.083     52428800    104857600
        6400         8192        1806.021    104857600    209715200
        7040            1           1.907        14080        28160
        7040            2           1.907        28160        56320
        7040            4           4.053        56320       112640
        7040            8           5.007       112640       225280
        7040           16           5.960       225280       450560
        7040           32          10.014       450560       901120
        7040           64          18.835       901120      1802240
        7040          128          34.809      1802240      3604480
        7040          256          68.903      3604480      7208960
        7040          512         133.991      7208960     14417920
        7040         1024         271.082     14417920     28835840
        7040         2048         534.058     28835840     57671680
        7040         4096        1073.122     57671680    115343360
        7040         8192        2135.038    115343360    230686720
        7680            1           1.907        15360        30720
        7680            2           3.099        30720        61440
        7680            4           2.861        61440       122880
        7680            8           2.861       122880       245760
        7680           16           5.960       245760       491520
        7680           32          10.014       491520       983040
        7680           64          20.027       983040      1966080
        7680          128          41.008      1966080      3932160
        7680          256          75.102      3932160      7864320
        7680          512         149.012      7864320     15728640
        7680         1024         293.970     15728640     31457280
        7680         2048         590.086     31457280     62914560
        7680         4096        1175.880     62914560    125829120
        7680         8192        2351.046    125829120    251658240
        8448            1           1.907        16896        33792
        8448            2           3.099        33792        67584
        8448            4           2.146        67584       135168
        8448            8           5.007       135168       270336
        8448           16           5.960       270336       540672
        8448           32          10.967       540672      1081344
        8448           64          20.027      1081344      2162688
        8448          128          38.862      2162688      4325376
        8448          256          74.863      4325376      8650752
        8448          512         149.965      8650752     17301504
        8448         1024         294.924     17301504     34603008
        8448         2048         589.132     34603008     69206016
        8448         4096        1182.079     69206016    138412032
        9216            1           2.146        18432        36864
        9216            2           1.907        36864        73728
        9216            4           3.815        73728       147456
        9216            8           4.768       147456       294912
        9216           16           6.914       294912       589824
        9216           32          12.159       589824      1179648
        9216           64          21.935      1179648      2359296
        9216          128          43.869      2359296      4718592
        9216          256          85.831      4718592      9437184
        9216          512         169.039      9437184     18874368
        9216         1024         337.124     18874368     37748736
        9216         2048         673.056     37748736     75497472
        9216         4096        1343.966     75497472    150994944
       10112            1           1.907        20224        40448
       10112            2           3.099        40448        80896
       10112            4           4.053        80896       161792
       10112            8           5.007       161792       323584
       10112           16           6.914       323584       647168
       10112           32          14.067       647168      1294336
       10112           64          25.988      1294336      2588672
       10112          128          51.022      2588672      5177344
       10112          256         102.043      5177344     10354688
       10112          512         195.980     10354688     20709376
       10112         1024         391.006     20709376     41418752
       10112         2048         782.013     41418752     82837504
       10112         4096        1565.218     82837504    165675008
       11008            1           1.907        22016        44032
       11008            2           2.861        44032        88064
       11008            4           3.815        88064       176128
       11008            8           9.060       176128       352256
       11008           16           8.106       352256       704512
       11008           32          14.067       704512      1409024
       11008           64          27.180      1409024      2818048
       11008          128          50.068      2818048      5636096
       11008          256         100.136      5636096     11272192
       11008          512         198.126     11272192     22544384
       11008         1024         392.914     22544384     45088768
       11008         2048         785.828     45088768     90177536
       11008         4096        1571.894     90177536    180355072
       12032            1           1.907        24064        48128
       12032            2           3.099        48128        96256
       12032            4           3.099        96256       192512
       12032            8           5.007       192512       385024
       12032           16           9.060       385024       770048
       12032           32          15.020       770048      1540096
       12032           64          30.041      1540096      3080192
       12032          128          57.936      3080192      6160384
       12032          256         113.010      6160384     12320768
       12032          512         224.113     12320768     24641536
       12032         1024         523.090     24641536     49283072
       12032         2048         895.023     49283072     98566144
       12032         4096        1781.940     98566144    197132288
       13184            1           2.146        26368        52736
       13184            2           3.099        52736       105472
       13184            4           3.099       105472       210944
       13184            8           5.960       210944       421888
       13184           16           9.060       421888       843776
       13184           32          16.928       843776      1687552
       13184           64          30.994      1687552      3375104
       13184          128          64.135      3375104      6750208
       13184          256         119.925      6750208     13500416
       13184          512         237.942     13500416     27000832
       13184         1024         475.168     27000832     54001664
       13184         2048         950.098     54001664    108003328
       13184         4096        1899.958    108003328    216006656
       14464            1           2.146        28928        57856
       14464            2           3.099        57856       115712
       14464            4           4.053       115712       231424
       14464            8           5.960       231424       462848
       14464           16          10.014       462848       925696
       14464           32          18.120       925696      1851392
       14464           64          34.094      1851392      3702784
       14464          128          65.088      3702784      7405568
       14464          256         128.031      7405568     14811136
       14464          512         332.117     14811136     29622272
       14464         1024         504.017     29622272     59244544
       14464         2048        1010.895     59244544    118489088
       14464         4096        2022.028    118489088    236978176
       15872            1           3.099        31744        63488
       15872            2           2.861        63488       126976
       15872            4           4.053       126976       253952
       15872            8           6.914       253952       507904
       15872           16          10.014       507904      1015808
       15872           32          20.027      1015808      2031616
       15872           64          36.955      2031616      4063232
       15872          128          76.056      4063232      8126464
       15872          256         145.197      8126464     16252928
       15872          512         287.056     16252928     32505856
       15872         1024         574.112     32505856     65011712
       15872         2048        1145.124     65011712    130023424
       15872         4096        2285.957    130023424    260046848
       17408            1           2.861        34816        69632
       17408            2           2.861        69632       139264
       17408            4           4.053       139264       278528
       17408            8           6.914       278528       557056
       17408           16          12.159       557056      1114112
       17408           32          20.981      1114112      2228224
       17408           64          40.054      2228224      4456448
       17408          128          79.155      4456448      8912896
       17408          256         154.972      8912896     17825792
       17408          512         309.944     17825792     35651584
       17408         1024         614.166     35651584     71303168
       17408         2048        1228.094     71303168    142606336
       19072            1           5.007        38144        76288
       19072            2           3.099        76288       152576
       19072            4           4.053       152576       305152
       19072            8           6.199       305152       610304
       19072           16          11.921       610304      1220608
       19072           32          21.935      1220608      2441216
       19072           64          44.107      2441216      4882432
       19072          128          85.115      4882432      9764864
       19072          256         169.039      9764864     19529728
       19072          512         336.170     19529728     39059456
       19072         1024         678.062     39059456     78118912
       19072         2048        1341.105     78118912    156237824
       20864            1           3.099        41728        83456
       20864            2           3.099        83456       166912
       20864            4           5.007       166912       333824
       20864            8           7.868       333824       667648
       20864           16          13.113       667648      1335296
       20864           32          24.080      1335296      2670592
       20864           64          48.161      2670592      5341184
       20864          128          92.030      5341184     10682368
       20864          256         184.059     10682368     21364736
       20864          512         361.919     21364736     42729472
       20864         1024         725.031     42729472     85458944
       20864         2048        1447.916     85458944    170917888
       22912            1           2.861        45824        91648
       22912            2           2.861        91648       183296
       22912            4           4.053       183296       366592
       22912            8           8.106       366592       733184
       22912           16          14.067       733184      1466368
       22912           32          25.988      1466368      2932736
       22912           64          51.022      2932736      5865472
       22912          128         100.851      5865472     11730944
       22912          256         201.941     11730944     23461888
       22912          512         398.159     23461888     46923776
       22912         1024         796.080     46923776     93847552
       22912         2048        1587.152     93847552    187695104
       25088            1           3.099        50176       100352
       25088            2           4.053       100352       200704
       25088            4           5.007       200704       401408
       25088            8           7.868       401408       802816
       25088           16          14.782       802816      1605632
       25088           32          27.895      1605632      3211264
       25088           64          57.936      3211264      6422528
       25088          128         108.957      6422528     12845056
       25088          256         216.961     12845056     25690112
       25088          512         555.992     25690112     51380224
       25088         1024         864.983     51380224    102760448
       25088         2048        1734.972    102760448    205520896
       27520            1           3.099        55040       110080
       27520            2           4.053       110080       220160
       27520            4           5.007       220160       440320
       27520            8          10.014       440320       880640
       27520           16          17.166       880640      1761280
       27520           32          31.948      1761280      3522560
       27520           64          61.989      3522560      7045120
       27520          128         122.070      7045120     14090240
       27520          256         247.002     14090240     28180480
       27520          512         481.844     28180480     56360960
       27520         1024         962.973     56360960    112721920
       27520         2048        1924.038    112721920    225443840
       30208            1           2.146        60416       120832
       30208            2           4.053       120832       241664
       30208            4           5.007       241664       483328
       30208            8          10.014       483328       966656
       30208           16          18.120       966656      1933312
       30208           32          35.048      1933312      3866624
       30208           64          67.949      3866624      7733248
       30208          128         133.038      7733248     15466496
       30208          256         264.883     15466496     30932992
       30208          512         530.958     30932992     61865984
       30208         1024        1058.817     61865984    123731968
       30208         2048        2117.872    123731968    247463936
       33152            1           2.861        66304       132608
       33152            2           4.053       132608       265216
       33152            4           5.960       265216       530432
       33152            8          10.014       530432      1060864
       33152           16          20.027      1060864      2121728
       33152           32          36.955      2121728      4243456
       33152           64          73.195      4243456      8486912
       33152          128         149.965      8486912     16973824
       33152          256         285.864     16973824     33947648
       33152          512         569.820     33947648     67895296
       33152         1024        1143.932     67895296    135790592
       36352            1           3.099        72704       145408
       36352            2           4.053       145408       290816
       36352            4           7.153       290816       581632
       36352            8          10.967       581632      1163264
       36352           16          21.935      1163264      2326528
       36352           32          41.008      2326528      4653056
       36352           64          79.870      4653056      9306112
       36352          128         159.979      9306112     18612224
       36352          256         317.097     18612224     37224448
       36352          512         638.008     37224448     74448896
       36352         1024        1266.956     74448896    148897792
       39936            1           4.053        79872       159744
       39936            2           5.007       159744       319488
       39936            4           7.153       319488       638976
       39936            8          13.113       638976      1277952
       39936           16          24.080      1277952      2555904
       39936           32          45.061      2555904      5111808
       39936           64          87.976      5111808     10223616
       39936          128         173.092     10223616     20447232
       39936          256         349.045     20447232     40894464
       39936          512         691.175     40894464     81788928
       39936         1024        1380.920     81788928    163577856
       43904            1           2.861        87808       175616
       43904            2           5.007       175616       351232
       43904            4           8.106       351232       702464
       43904            8          14.067       702464      1404928
       43904           16          25.034      1404928      2809856
       43904           32          49.114      2809856      5619712
       43904           64          96.083      5619712     11239424
       43904          128         190.973     11239424     22478848
       43904          256         381.947     22478848     44957696
       43904          512         758.171     44957696     89915392
       43904         1024        1519.918     89915392    179830784
       48256            1           2.861        96512       193024
       48256            2           4.053       193024       386048
       48256            4           8.106       386048       772096
       48256            8          14.067       772096      1544192
       48256           16          28.133      1544192      3088384
       48256           32          53.883      3088384      6176768
       48256           64         105.858      6176768     12353536
       48256          128         210.047     12353536     24707072
       48256          256         420.094     24707072     49414144
       48256          512         835.896     49414144     98828288
       48256         1024        1668.930     98828288    197656576
       52992            1           3.099       105984       211968
       52992            2           5.007       211968       423936
       52992            4           8.821       423936       847872
       52992            8          16.928       847872      1695744
       52992           16          30.041      1695744      3391488
       52992           32          58.174      3391488      6782976
       52992           64         123.024      6782976     13565952
       52992          128         229.836     13565952     27131904
       52992          256         458.956     27131904     54263808
       52992          512         918.150     54263808    108527616
       52992         1024        1836.061    108527616    217055232
       58240            1           3.815       116480       232960
       58240            2           5.007       232960       465920
       58240            4          10.014       465920       931840
       58240            8          18.120       931840      1863680
       58240           16          33.140      1863680      3727360
       58240           32          64.135      3727360      7454720
       58240           64         126.123      7454720     14909440
       58240          128         254.869     14909440     29818880
       58240          256         499.964     29818880     59637760
       58240          512        1005.888     59637760    119275520
       58240         1024        2035.141    119275520    238551040
       64000            1           4.053       128000       256000
       64000            2           6.199       256000       512000
       64000            4          10.967       512000      1024000
       64000            8          18.835      1024000      2048000
       64000           16          36.001      2048000      4096000
       64000           32          70.095      4096000      8192000
       64000           64         138.044      8192000     16384000
       64000          128         277.042     16384000     32768000
       64000          256         552.893     32768000     65536000
       64000          512        1093.149     65536000    131072000
       64000         1024        2210.140    131072000    262144000
       70400            1           4.053       140800       281600
       70400            2           7.153       281600       563200
       70400            4          10.967       563200      1126400
       70400            8          20.981      1126400      2252800
       70400           16          39.101      2252800      4505600
       70400           32          77.009      4505600      9011200
       70400           64         151.873      9011200     18022400
       70400          128         301.838     18022400     36044800
       70400          256         604.868     36044800     72089600
       70400          512        1203.775     72089600    144179200
       77440            1           3.099       154880       309760
       77440            2           6.914       309760       619520
       77440            4          11.921       619520      1239040
       77440            8          21.935      1239040      2478080
       77440           16          43.154      2478080      4956160
       77440           32          84.877      4956160      9912320
       77440           64         167.847      9912320     19824640
       77440          128         338.078     19824640     39649280
       77440          256         667.095     39649280     79298560
       77440          512        1339.912     79298560    158597120
       85120            1           5.007       170240       340480
       85120            2           8.106       340480       680960
       85120            4          13.113       680960      1361920
       85120            8          25.034      1361920      2723840
       85120           16          48.161      2723840      5447680
       85120           32          92.983      5447680     10895360
       85120           64         184.059     10895360     21790720
       85120          128         365.973     21790720     43581440
       85120          256         738.144     43581440     87162880
       85120          512        1464.128     87162880    174325760
       93568            1           5.007       187136       374272
       93568            2           8.106       374272       748544
       93568            4          15.020       748544      1497088
       93568            8          25.988      1497088      2994176
       93568           16          51.975      2994176      5988352
       93568           32         102.043      5988352     11976704
       93568           64         200.987     11976704     23953408
       93568          128         404.835     23953408     47906816
       93568          256         802.994     47906816     95813632
       93568          512        1606.941     95813632    191627264
      102912            1           5.007       205824       411648
      102912            2           7.153       411648       823296
      102912            4          15.020       823296      1646592
      102912            8          29.087      1646592      3293184
      102912           16          56.028      3293184      6586368
      102912           32         110.865      6586368     13172736
      102912           64         219.822     13172736     26345472
      102912          128         440.836     26345472     52690944
      102912          256         877.857     52690944    105381888
      102912          512        1765.966    105381888    210763776
      113152            1           6.199       226304       452608
      113152            2          11.921       452608       905216
      113152            4          16.928       905216      1810432
      113152            8          31.948      1810432      3620864
      113152           16          61.989      3620864      7241728
      113152           32         122.070      7241728     14483456
      113152           64         247.002     14483456     28966912
      113152          128         482.082     28966912     57933824
      113152          256         963.926     57933824    115867648
      113152          512        1925.945    115867648    231735296
      124416            1           5.960       248832       497664
      124416            2          10.014       497664       995328
      124416            4          18.835       995328      1990656
      124416            8          35.048      1990656      3981312
      124416           16          70.095      3981312      7962624
      124416           32         134.945      7962624     15925248
      124416           64         267.029     15925248     31850496
      124416          128         530.958     31850496     63700992
      124416          256        1065.969     63700992    127401984
      124416          512        2125.025    127401984    254803968
      136832            1           7.153       273664       547328
      136832            2          10.967       547328      1094656
      136832            4          20.027      1094656      2189312
      136832            8          37.909      2189312      4378624
      136832           16          74.863      4378624      8757248
      136832           32         147.820      8757248     17514496
      136832           64         293.016     17514496     35028992
      136832          128         587.940     35028992     70057984
      136832          256        1172.066     70057984    140115968
      150400            1           6.914       300800       601600
      150400            2          10.967       601600      1203200
      150400            4          20.981      1203200      2406400
      150400            8          41.962      2406400      4812800
      150400           16          82.016      4812800      9625600
      150400           32         160.933      9625600     19251200
      150400           64         323.057     19251200     38502400
      150400          128         641.108     38502400     77004800
      150400          256        1286.030     77004800    154009600
      165376            1           6.914       330752       661504
      165376            2          13.113       661504      1323008
      165376            4          24.080      1323008      2646016
      165376            8          46.015      2646016      5292032
      165376           16          88.930      5292032     10584064
      165376           32         178.099     10584064     21168128
      165376           64         354.052     21168128     42336256
      165376          128         712.872     42336256     84672512
      165376          256        1410.007     84672512    169345024
      181888            1          10.967       363776       727552
      181888            2          14.067       727552      1455104
      181888            4          25.034      1455104      2910208
      181888            8          49.829      2910208      5820416
      181888           16          98.944      5820416     11640832
      181888           32         195.026     11640832     23281664
      181888           64         388.861     23281664     46563328
      181888          128         777.960     46563328     93126656
      181888          256        1554.966     93126656    186253312
      200064            1           7.868       400128       800256
      200064            2          15.020       800256      1600512
      200064            4          28.133      1600512      3201024
      200064            8          53.883      3201024      6402048
      200064           16         108.004      6402048     12804096
      200064           32         214.100     12804096     25608192
      200064           64         428.915     25608192     51216384
      200064          128         851.154     51216384    102432768
      200064          256        1707.077    102432768    204865536
      220032            1           9.060       440064       880128
      220032            2          15.974       880128      1760256
      220032            4          30.041      1760256      3520512
      220032            8          60.081      3520512      7041024
      220032           16         118.971      7041024     14082048
      220032           32         239.134     14082048     28164096
      220032           64         468.969     28164096     56328192
      220032          128         937.939     56328192    112656384
      220032          256        1873.016    112656384    225312768
      241920            1          10.014       483840       967680
      241920            2          18.120       967680      1935360
      241920            4          34.094      1935360      3870720
      241920            8          66.996      3870720      7741440
      241920           16         129.938      7741440     15482880
      241920           32         257.969     15482880     30965760
      241920           64         515.938     30965760     61931520
      241920          128        1028.061     61931520    123863040
      241920          256        2053.022    123863040    247726080
      266112            1          10.014       532224      1064448
      266112            2          20.027      1064448      2128896
      266112            4          36.001      2128896      4257792
      266112            8          72.002      4257792      8515584
      266112           16         143.051      8515584     17031168
      266112           32         288.010     17031168     34062336
      266112           64         566.959     34062336     68124672
      266112          128        1135.111     68124672    136249344
      292608            1          12.159       585216      1170432
      292608            2          20.981      1170432      2340864
      292608            4          39.816      2340864      4681728
      292608            8          79.870      4681728      9363456
      292608           16         159.979      9363456     18726912
      292608           32         311.852     18726912     37453824
      292608           64         624.895     37453824     74907648
      292608          128        1245.975     74907648    149815296
      321792            1          13.113       643584      1287168
      321792            2          23.127      1287168      2574336
      321792            4          44.107      2574336      5148672
      321792            8          86.069      5148672     10297344
      321792           16         172.138     10297344     20594688
      321792           32         342.131     20594688     41189376
      321792           64         684.977     41189376     82378752
      321792          128        1367.092     82378752    164757504
      353920            1          14.067       707840      1415680
      353920            2          25.034      1415680      2831360
      353920            4          48.876      2831360      5662720
      353920            8          94.891      5662720     11325440
      353920           16         190.020     11325440     22650880
      353920           32         376.940     22650880     45301760
      353920           64         760.078     45301760     90603520
      353920          128        1507.998     90603520    181207040
      389248            1          15.020       778496      1556992
      389248            2          26.941      1556992      3113984
      389248            4          52.929      3113984      6227968
      389248            8         104.904      6227968     12455936
      389248           16         207.186     12455936     24911872
      389248           32         412.941     24911872     49823744
      389248           64         826.836     49823744     99647488
      389248          128        1652.956     99647488    199294976
      428160            1          15.974       856320      1712640
      428160            2          30.994      1712640      3425280
      428160            4          58.889      3425280      6850560
      428160            8         114.918      6850560     13701120
      428160           16         229.120     13701120     27402240
      428160           32         458.002     27402240     54804480
      428160           64         910.997     54804480    109608960
      428160          128        1816.988    109608960    219217920
      470912            1          16.928       941824      1883648
      470912            2          32.902      1883648      3767296
      470912            4          65.088      3767296      7534592
      470912            8         127.077      7534592     15069184
      470912           16         252.008     15069184     30138368
      470912           32         512.123     30138368     60276736
      470912           64        1003.027     60276736    120553472
      470912          128        2002.954    120553472    241106944
      517888            1          19.073      1035776      2071552
      517888            2          37.193      2071552      4143104
      517888            4          70.095      4143104      8286208
      517888            8         138.998      8286208     16572416
      517888           16         277.042     16572416     33144832
      517888           32         554.085     33144832     66289664
      517888           64        1101.017     66289664    132579328
      569600            1          20.981      1139200      2278400
      569600            2          40.054      2278400      4556800
      569600            4          77.963      4556800      9113600
      569600            8         152.111      9113600     18227200
      569600           16         303.030     18227200     36454400
      569600           32         609.875     36454400     72908800
      569600           64        1876.116     72908800    145817600
      626560            1          23.842      1253120      2506240
      626560            2          42.915      2506240      5012480
      626560            4          84.877      5012480     10024960
      626560            8         169.039     10024960     20049920
      626560           16         337.839     20049920     40099840
      626560           32         665.903     40099840     80199680
      626560           64        1389.027     80199680    160399360
      689152            1          25.988      1378304      2756608
      689152            2          47.922      2756608      5513216
      689152            4          93.937      5513216     11026432
      689152            8         185.013     11026432     22052864
      689152           16         366.926     22052864     44105728
      689152           32         735.044     44105728     88211456
      689152           64        1468.897     88211456    176422912
      758016            1          28.849      1516032      3032064
      758016            2          51.975      3032064      6064128
      758016            4         102.043      6064128     12128256
      758016            8         201.941     12128256     24256512
      758016           16         402.927     24256512     48513024
      758016           32         805.855     48513024     97026048
      758016           64        1614.094     97026048    194052096
      833792            1          30.994      1667584      3335168
      833792            2          56.982      3335168      6670336
      833792            4         112.057      6670336     13340672
      833792            8         221.968     13340672     26681344
      833792           16         449.896     26681344     53362688
      833792           32         888.109     53362688    106725376
      833792           64        1770.020    106725376    213450752
      917120            1          35.048      1834240      3668480
      917120            2          62.943      3668480      7336960
      917120            4         130.177      7336960     14673920
      917120            8         245.094     14673920     29347840
      917120           16         487.089     29347840     58695680
      917120           32         974.894     58695680    117391360
      917120           64        1952.887    117391360    234782720
     1008768            1          36.955      2017536      4035072
     1008768            2          69.141      4035072      8070144
     1008768            4         135.899      8070144     16140288
     1008768            8         272.036     16140288     32280576
     1008768           16         535.965     32280576     64561152
     1008768           32        1073.837     64561152    129122304
     1008768           64        2151.012    129122304    258244608
     1109632            1          42.200      2219264      4438528
     1109632            2          74.863      4438528      8877056
     1109632            4         149.012      8877056     17754112
     1109632            8         296.116     17754112     35508224
     1109632           16         592.947     35508224     71016448
     1109632           32        1179.934     71016448    142032896
     1220480            1          43.869      2440960      4881920
     1220480            2          82.016      4881920      9763840
     1220480            4         163.078      9763840     19527680
     1220480            8         328.064     19527680     39055360
     1220480           16         648.022     39055360     78110720
     1220480           32        1299.143     78110720    156221440
     1342464            1          53.167      2684928      5369856
     1342464            2          91.076      5369856     10739712
     1342464            4         180.006     10739712     21479424
     1342464            8         356.913     21479424     42958848
     1342464           16         715.971     42958848     85917696
     1342464           32        1424.074     85917696    171835392
     1476608            1          54.121      2953216      5906432
     1476608            2          98.944      5906432     11812864
     1476608            4         200.033     11812864     23625728
     1476608            8         391.960     23625728     47251456
     1476608           16         786.066     47251456     94502912
     1476608           32        1564.980     94502912    189005824
     1624192            1          58.889      3248384      6496768
     1624192            2         113.010      6496768     12993536
     1624192            4         216.961     12993536     25987072
     1624192            8         432.014     25987072     51974144
     1624192           16         863.075     51974144    103948288
     1624192           32        1725.197    103948288    207896576
     1786496            1          65.088      3572992      7145984
     1786496            2         120.163      7145984     14291968
     1786496            4         237.942     14291968     28583936
     1786496            8         478.029     28583936     57167872
     1786496           16         949.144     57167872    114335744
     1786496           32        1896.143    114335744    228671488
     1965056            1          72.002      3930112      7860224
     1965056            2         131.845      7860224     15720448
     1965056            4         262.022     15720448     31440896
     1965056            8         524.998     31440896     62881792
     1965056           16        1044.989     62881792    125763584
     1965056           32        2085.924    125763584    251527168
     2161536            1          78.917      4323072      8646144
     2161536            2         144.958      8646144     17292288
     2161536            4         293.970     17292288     34584576
     2161536            8         576.973     34584576     69169152
     2161536           16        1147.985     69169152    138338304
     2377600            1          87.023      4755200      9510400
     2377600            2         159.979      9510400     19020800
     2377600            4         328.064     19020800     38041600
     2377600            8         630.856     38041600     76083200
     2377600           16        1261.950     76083200    152166400
     2615296            1          97.036      5230592     10461184
     2615296            2         190.973     10461184     20922368
     2615296            4         348.091     20922368     41844736
     2615296            8         696.898     41844736     83689472
     2615296           16        1386.166     83689472    167378944
     2876800            1         107.050      5753600     11507200
     2876800            2         195.026     11507200     23014400
     2876800            4         382.900     23014400     46028800
     2876800            8         766.039     46028800     92057600
     2876800           16        1526.117     92057600    184115200
     3164416            1         118.017      6328832     12657664
     3164416            2         236.988     12657664     25315328
     3164416            4         420.094     25315328     50630656
     3164416            8         841.141     50630656    101261312
     3164416           16        1677.036    101261312    202522624
     3480832            1         129.223      6961664     13923328
     3480832            2         231.981     13923328     27846656
     3480832            4         467.777     27846656     55693312
     3480832            8         925.064     55693312    111386624
     3480832           16        1847.982    111386624    222773248
     3828864            1         139.952      7657728     15315456
     3828864            2         257.969     15315456     30630912
     3828864            4         507.832     30630912     61261824
     3828864            8        1018.047     61261824    122523648
     3828864           16        2032.042    122523648    245047296
     4211712            1         154.018      8423424     16846848
     4211712            2         283.957     16846848     33693696
     4211712            4         558.853     33693696     67387392
     4211712            8        1118.898     67387392    134774784
     4632832            1         168.085      9265664     18531328
     4632832            2         312.090     18531328     37062656
     4632832            4         613.928     37062656     74125312
     4632832            8        1233.101     74125312    148250624
     5096064            1         185.966     10192128     20384256
     5096064            2         339.031     20384256     40768512
     5096064            4         679.016     40768512     81537024
     5096064            8        1351.833     81537024    163074048
     5605632            1         204.086     11211264     22422528
     5605632            2         376.940     22422528     44845056
     5605632            4         777.006     44845056     89690112
     5605632            8        1526.833     89690112    179380224
     6166144            1         223.875     12332288     24664576
     6166144            2         412.941     24664576     49329152
     6166144            4         817.060     49329152     98658304
     6166144            8        1637.936     98658304    197316608
     6782720            1         248.909     13565440     27130880
     6782720            2         453.949     27130880     54261760
     6782720            4         901.937     54261760    108523520
     6782720            8        1801.968    108523520    217047040
     7460992            1         274.181     14921984     29843968
     7460992            2         494.957     29843968     59687936
     7460992            4         995.874     59687936    119375872
     7460992            8        1980.066    119375872    238751744
     8206976            1         302.076     16413952     32827904
     8206976            2         543.833     32827904     65655808
     8206976            4        1090.050     65655808    131311616
     9027584            1         334.024     18055168     36110336
     9027584            2         597.954     36110336     72220672
     9027584            4        1197.815     72220672    144441344
     9930240            1         367.165     19860480     39720960
     9930240            2         658.035     39720960     79441920
     9930240            4        1320.839     79441920    158883840
    10923264            1         400.066     21846528     43693056
    10923264            2         735.044     43693056     87386112
    10923264            4        1448.870     87386112    174772224
    12015488            1         439.882     24030976     48061952
    12015488            2         799.894     48061952     96123904
    12015488            4        1593.828     96123904    192247808
    13217024            1         487.089     26434048     52868096
    13217024            2         878.096     52868096    105736192
    13217024            4        1751.900    105736192    211472384
    14538624            1         535.011     29077248     58154496
    14538624            2         966.072     58154496    116308992
    14538624            4        1931.906    116308992    232617984
    15992448            1         583.887     31984896     63969792
    15992448            2        1061.916     63969792    127939584
    15992448            4        2219.915    127939584    255879168
    17591680            1         647.068     35183360     70366720
    17591680            2        1168.966     70366720    140733440
    19350784            1         715.017     38701568     77403136
    19350784            2        1284.122     77403136    154806272
    21285760            1         883.102     42571520     85143040
    21285760            2        1420.975     85143040    170286080
    23414272            1         864.983     46828544     93657088
    23414272            2        1554.966     93657088    187314176
    25755648            1         946.999     51511296    103022592
    25755648            2        1713.037    103022592    206045184
    28331136            1        1041.889     56662272    113324544
    28331136            2        1886.845    113324544    226649088
    31164160            1        1173.019     62328320    124656640
    31164160            2        2068.996    124656640    249313280
    34280576            1        1288.176     68561152    137122304
    37708544            1        1418.114     75417088    150834176
    41479296            1        1582.861     82958592    165917184
    45627136            1        1784.086     91254272    182508544
    50189824            1        2524.853    100379648    200759296
    55208704            1        3851.891    110417408    220834816
    60729472            1        5190.134    121458944    242917888

META_DATA
FLOPS          32
OPENMP_THREADS 16
ERT_VERSION  1.1.0
TIMESTAMP_DATA  1554494146.42
HOSTNAME  ('marianas.pnl.gov', [], ['130.20.68.57'])
UNAME  ('Linux', 'marianas.pnl.gov', '3.10.0-514.21.1.el7.x86_64', '#1 SMP Thu May 25 17:04:51 UTC 2017', 'x86_64', 'x86_64')
CONFIG  {'ERT_WORKING_SET_MIN': ['1'], 'ERT_CFLAGS': ['-O3', '-msse3', '-axSSE3', '-xSSE3', '-fno-alias', '-fno-fnalias', '-DERT_INTEL'], 'ERT_CC': ['icc'], 'ERT_OPENMP_LDFLAGS': ['-qopenmp'], 'ERT_MEMORY_MAX': ['65558828'], 'ERT_LDFLAGS': [], 'ERT_LDLIBS': [], 'ERT_RUN': ['export', 'KMP_AFFINITY=scatter;', 'export', 'OMP_NUM_THREADS=ERT_OPENMP_THREADS;', 'ERT_CODE'], 'ERT_FLOPS': ['32'], 'ERT_OPENMP_CFLAGS': ['-qopenmp'], 'ERT_MPI': [False], 'ERT_TRIALS_MIN': ['1'], 'ERT_DRIVER': ['driver1'], 'ERT_RESULTS': ['marianas_omp'], 'ERT_OPENMP': ['True'], 'ERT_OPENMP_THREADS': ['16'], 'ERT_KERNEL': ['kernel1'], 'ERT_GPU': [False], 'ERT_LD': ['icc'], 'ERT_NUM_EXPERIMENTS': ['5'], 'ERT_ALIGN': ['32'], 'ERT_GNUPLOT': ['gnuplot']}
