         128            1           2.146          256          512
         128            2           2.146          512         1024
         128            4           0.954         1024         2048
         128            8           1.907         2048         4096
         128           16           2.861         4096         8192
         128           32           2.861         8192        16384
         128           64           5.007        16384        32768
         128          128           6.914        32768        65536
         128          256          14.067        65536       131072
         128          512          24.080       131072       262144
         128         1024          46.968       262144       524288
         128         2048          92.983       524288      1048576
         128         4096         197.887      1048576      2097152
         128         8192         365.019      2097152      4194304
         128        16384         735.998      4194304      8388608
         128        32768        1458.883      8388608     16777216
         128        65536        2921.104     16777216     33554432
         128       131072        6093.979     33554432     67108864
         128       262144       12343.884     67108864    134217728
         256            1           2.146          512         1024
         256            2           1.192         1024         2048
         256            4           1.907         2048         4096
         256            8           2.861         4096         8192
         256           16           2.861         8192        16384
         256           32           4.053        16384        32768
         256           64           5.007        32768        65536
         256          128           6.914        65536       131072
         256          256          12.875       131072       262144
         256          512          23.842       262144       524288
         256         1024          46.968       524288      1048576
         256         2048          92.030      1048576      2097152
         256         4096         182.867      2097152      4194304
         256         8192         365.019      4194304      8388608
         256        16384         731.945      8388608     16777216
         256        32768        1493.931     16777216     33554432
         256        65536        2958.059     33554432     67108864
         256       131072        6039.143     67108864    134217728
         384            1           1.907          768         1536
         384            2           2.146         1536         3072
         384            4           3.099         3072         6144
         384            8           1.907         6144        12288
         384           16           2.861        12288        24576
         384           32           2.861        24576        49152
         384           64           3.815        49152        98304
         384          128           6.914        98304       196608
         384          256          12.875       196608       393216
         384          512          24.080       393216       786432
         384         1024          46.968       786432      1572864
         384         2048          93.222      1572864      3145728
         384         4096         182.867      3145728      6291456
         384         8192         365.019      6291456     12582912
         384        16384         751.972     12582912     25165824
         384        32768        1465.082     25165824     50331648
         384        65536        3118.992     50331648    100663296
         384       131072        6274.939    100663296    201326592
         512            1           1.907         1024         2048
         512            2           1.192         2048         4096
         512            4           2.146         4096         8192
         512            8           9.060         8192        16384
         512           16           9.060        16384        32768
         512           32           2.861        32768        65536
         512           64           4.053        65536       131072
         512          128           6.914       131072       262144
         512          256          14.067       262144       524288
         512          512          24.080       524288      1048576
         512         1024          46.968      1048576      2097152
         512         2048          92.983      2097152      4194304
         512         4096         182.867      4194304      8388608
         512         8192         463.009      8388608     16777216
         512        16384         781.775     16777216     33554432
         512        32768        1595.020     33554432     67108864
         512        65536        3045.082     67108864    134217728
         640            1           2.146         1280         2560
         640            2           2.146         2560         5120
         640            4           1.907         5120        10240
         640            8           1.907        10240        20480
         640           16           2.146        20480        40960
         640           32           3.099        40960        81920
         640           64           5.007        81920       163840
         640          128           6.914       163840       327680
         640          256          12.875       327680       655360
         640          512          25.034       655360      1310720
         640         1024          52.929      1310720      2621440
         640         2048          95.129      2621440      5242880
         640         4096         188.112      5242880     10485760
         640         8192         373.125     10485760     20971520
         640        16384         752.926     20971520     41943040
         640        32768        1492.977     41943040     83886080
         640        65536        2996.922     83886080    167772160
         768            1           2.146         1536         3072
         768            2           3.099         3072         6144
         768            4           1.907         6144        12288
         768            8           2.861        12288        24576
         768           16           2.861        24576        49152
         768           32           2.861        49152        98304
         768           64           5.007        98304       196608
         768          128           8.106       196608       393216
         768          256          13.113       393216       786432
         768          512          26.941       786432      1572864
         768         1024          47.922      1572864      3145728
         768         2048          93.937      3145728      6291456
         768         4096         187.159      6291456     12582912
         768         8192         370.979     12582912     25165824
         768        16384         775.814     25165824     50331648
         768        32768        1483.917     50331648    100663296
         768        65536        2972.841    100663296    201326592
         896            1           2.861         1792         3584
         896            2           0.954         3584         7168
         896            4           2.146         7168        14336
         896            8           2.146        14336        28672
         896           16           3.099        28672        57344
         896           32           3.099        57344       114688
         896           64           5.007       114688       229376
         896          128           8.106       229376       458752
         896          256          15.974       458752       917504
         896          512          29.802       917504      1835008
         896         1024          58.889      1835008      3670016
         896         2048         115.871      3670016      7340032
         896         4096         229.836      7340032     14680064
         896         8192         458.956     14680064     29360128
         896        16384         920.057     29360128     58720256
         896        32768        1837.969     58720256    117440512
         896        65536        3672.838    117440512    234881024
        1024            1           1.907         2048         4096
        1024            2           1.907         4096         8192
        1024            4           2.146         8192        16384
        1024            8           3.099        16384        32768
        1024           16           1.907        32768        65536
        1024           32           4.053        65536       131072
        1024           64           5.007       131072       262144
        1024          128           8.106       262144       524288
        1024          256          15.974       524288      1048576
        1024          512          28.849      1048576      2097152
        1024         1024          57.936      2097152      4194304
        1024         2048         114.918      4194304      8388608
        1024         4096         227.213      8388608     16777216
        1024         8192         468.969     16777216     33554432
        1024        16384        1111.031     33554432     67108864
        1024        32768        1808.882     67108864    134217728
        1152            1           1.907         2304         4608
        1152            2           0.954         4608         9216
        1152            4           3.099         9216        18432
        1152            8           3.099        18432        36864
        1152           16           3.099        36864        73728
        1152           32           4.053        73728       147456
        1152           64           5.960       147456       294912
        1152          128          11.921       294912       589824
        1152          256          20.027       589824      1179648
        1152          512          36.955      1179648      2359296
        1152         1024          72.002      2359296      4718592
        1152         2048         142.813      4718592      9437184
        1152         4096         283.957      9437184     18874368
        1152         8192         578.165     18874368     37748736
        1152        16384        1131.058     37748736     75497472
        1152        32768        2273.083     75497472    150994944
        1280            1           2.146         2560         5120
        1280            2           2.146         5120        10240
        1280            4           2.146        10240        20480
        1280            8           1.907        20480        40960
        1280           16           2.861        40960        81920
        1280           32           3.815        81920       163840
        1280           64           5.960       163840       327680
        1280          128          10.014       327680       655360
        1280          256          18.835       655360      1310720
        1280          512          36.955      1310720      2621440
        1280         1024          82.016      2621440      5242880
        1280         2048         140.905      5242880     10485760
        1280         4096         280.857     10485760     20971520
        1280         8192         566.006     20971520     41943040
        1280        16384        1131.058     41943040     83886080
        1280        32768        2253.056     83886080    167772160
        1408            1           1.907         2816         5632
        1408            2           2.146         5632        11264
        1408            4           2.146        11264        22528
        1408            8           3.099        22528        45056
        1408           16           3.099        45056        90112
        1408           32           4.053        90112       180224
        1408           64           7.153       180224       360448
        1408          128          11.921       360448       720896
        1408          256          23.127       720896      1441792
        1408          512          43.154      1441792      2883584
        1408         1024          87.023      2883584      5767168
        1408         2048         171.185      5767168     11534336
        1408         4096         344.992     11534336     23068672
        1408         8192         681.162     23068672     46137344
        1408        16384        1364.946     46137344     92274688
        1408        32768        2723.932     92274688    184549376
        1536            1           1.907         3072         6144
        1536            2           1.192         6144        12288
        1536            4           1.907        12288        24576
        1536            8           1.907        24576        49152
        1536           16           2.146        49152        98304
        1536           32           4.053        98304       196608
        1536           64           7.153       196608       393216
        1536          128          15.020       393216       786432
        1536          256          23.127       786432      1572864
        1536          512          43.154      1572864      3145728
        1536         1024          86.069      3145728      6291456
        1536         2048         169.039      6291456     12582912
        1536         4096         335.932     12582912     25165824
        1536         8192         674.009     25165824     50331648
        1536        16384        1350.880     50331648    100663296
        1536        32768        2689.123    100663296    201326592
        1664            1           2.146         3328         6656
        1664            2           1.907         6656        13312
        1664            4           1.907        13312        26624
        1664            8           2.146        26624        53248
        1664           16           4.053        53248       106496
        1664           32           5.007       106496       212992
        1664           64           8.106       212992       425984
        1664          128          13.113       425984       851968
        1664          256          25.988       851968      1703936
        1664          512          51.022      1703936      3407872
        1664         1024          99.897      3407872      6815744
        1664         2048         198.841      6815744     13631488
        1664         4096         399.828     13631488     27262976
        1664         8192         792.027     27262976     54525952
        1664        16384        1583.099     54525952    109051904
        1664        32768        3175.974    109051904    218103808
        1792            1           0.954         3584         7168
        1792            2           2.146         7168        14336
        1792            4           1.907        14336        28672
        1792            8           2.861        28672        57344
        1792           16           2.861        57344       114688
        1792           32           5.007       114688       229376
        1792           64           7.153       229376       458752
        1792          128          12.875       458752       917504
        1792          256          25.034       917504      1835008
        1792          512          50.068      1835008      3670016
        1792         1024         101.805      3670016      7340032
        1792         2048         216.007      7340032     14680064
        1792         4096         608.921     14680064     29360128
        1792         8192         976.086     29360128     58720256
        1792        16384        1830.101     58720256    117440512
        1792        32768        3705.978    117440512    234881024
        1920            1           2.146         3840         7680
        1920            2           2.146         7680        15360
        1920            4           2.146        15360        30720
        1920            8           4.053        30720        61440
        1920           16           5.007        61440       122880
        1920           32           5.007       122880       245760
        1920           64           9.060       245760       491520
        1920          128          16.212       491520       983040
        1920          256          30.994       983040      1966080
        1920          512          90.122      1966080      3932160
        1920         1024         217.915      3932160      7864320
        1920         2048         273.228      7864320     15728640
        1920         4096         459.909     15728640     31457280
        1920         8192        1109.123     31457280     62914560
        1920        16384        1970.053     62914560    125829120
        1920        32768        3685.951    125829120    251658240
        2048            1           3.099         4096         8192
        2048            2           2.146         8192        16384
        2048            4           2.146        16384        32768
        2048            8           3.099        32768        65536
        2048           16           1.907        65536       131072
        2048           32           4.053       131072       262144
        2048           64           5.960       262144       524288
        2048          128          11.206       524288      1048576
        2048          256          19.073      1048576      2097152
        2048          512          36.001      2097152      4194304
        2048         1024          70.810      4194304      8388608
        2048         2048         140.905      8388608     16777216
        2048         4096         459.909     16777216     33554432
        2048         8192         555.992     33554432     67108864
        2048        16384        1118.183     67108864    134217728
        2176            1           2.146         4352         8704
        2176            2           1.907         8704        17408
        2176            4           0.954        17408        34816
        2176            8           1.907        34816        69632
        2176           16           4.053        69632       139264
        2176           32           5.007       139264       278528
        2176           64           6.914       278528       557056
        2176          128          12.875       557056      1114112
        2176          256          23.842      1114112      2228224
        2176          512          46.015      2228224      4456448
        2176         1024          92.983      4456448      8912896
        2176         2048         176.191      8912896     17825792
        2176         4096         350.952     17825792     35651584
        2176         8192         700.951     35651584     71303168
        2176        16384        1574.993     71303168    142606336
        2304            1           1.907         4608         9216
        2304            2           1.907         9216        18432
        2304            4           2.146        18432        36864
        2304            8           3.099        36864        73728
        2304           16           3.099        73728       147456
        2304           32           5.007       147456       294912
        2304           64           7.153       294912       589824
        2304          128          12.159       589824      1179648
        2304          256          24.080      1179648      2359296
        2304          512          45.061      2359296      4718592
        2304         1024          92.983      4718592      9437184
        2304         2048         174.046      9437184     18874368
        2304         4096         347.853     18874368     37748736
        2304         8192         697.851     37748736     75497472
        2304        16384        1389.027     75497472    150994944
        2432            1           1.907         4864         9728
        2432            2           2.146         9728        19456
        2432            4           1.907        19456        38912
        2432            8           2.861        38912        77824
        2432           16           2.861        77824       155648
        2432           32           5.007       155648       311296
        2432           64           7.868       311296       622592
        2432          128          13.828       622592      1245184
        2432          256          25.988      1245184      2490368
        2432          512          51.022      2490368      4980736
        2432         1024         100.851      4980736      9961472
        2432         2048         202.894      9961472     19922944
        2432         4096         397.205     19922944     39845888
        2432         8192         803.947     39845888     79691776
        2432        16384        1586.914     79691776    159383552
        2560            1           2.146         5120        10240
        2560            2           1.907        10240        20480
        2560            4           1.907        20480        40960
        2560            8           2.861        40960        81920
        2560           16           2.861        81920       163840
        2560           32           5.007       163840       327680
        2560           64           8.106       327680       655360
        2560          128          14.067       655360      1310720
        2560          256          26.941      1310720      2621440
        2560          512          53.883      2621440      5242880
        2560         1024          99.897      5242880     10485760
        2560         2048         200.033     10485760     20971520
        2560         4096         396.967     20971520     41943040
        2560         8192         797.033     41943040     83886080
        2560        16384        1592.159     83886080    167772160
        2816            1           2.146         5632        11264
        2816            2           1.907        11264        22528
        2816            4           1.907        22528        45056
        2816            8           2.861        45056        90112
        2816           16           2.861        90112       180224
        2816           32           5.007       180224       360448
        2816           64           9.060       360448       720896
        2816          128          15.020       720896      1441792
        2816          256          30.994      1441792      2883584
        2816          512          58.889      2883584      5767168
        2816         1024         115.871      5767168     11534336
        2816         2048         230.074     11534336     23068672
        2816         4096         462.055     23068672     46137344
        2816         8192         921.011     46137344     92274688
        2816        16384        2006.054     92274688    184549376
        3072            1           1.907         6144        12288
        3072            2           1.907        12288        24576
        3072            4           3.099        24576        49152
        3072            8           3.099        49152        98304
        3072           16           4.053        98304       196608
        3072           32           5.960       196608       393216
        3072           64          10.014       393216       786432
        3072          128          18.120       786432      1572864
        3072          256          34.094      1572864      3145728
        3072          512          66.042      3145728      6291456
        3072         1024         128.031      6291456     12582912
        3072         2048         256.062     12582912     25165824
        3072         4096         514.984     25165824     50331648
        3072         8192        1245.975     50331648    100663296
        3072        16384        2042.055    100663296    201326592
        3328            1           1.907         6656        13312
        3328            2           2.146        13312        26624
        3328            4           2.146        26624        53248
        3328            8           3.099        53248       106496
        3328           16           4.053       106496       212992
        3328           32           5.960       212992       425984
        3328           64          10.014       425984       851968
        3328          128          19.073       851968      1703936
        3328          256          36.955      1703936      3407872
        3328          512          72.002      3407872      6815744
        3328         1024         142.097      6815744     13631488
        3328         2048         288.963     13631488     27262976
        3328         4096         564.098     27262976     54525952
        3328         8192        1131.058     54525952    109051904
        3328        16384        2262.115    109051904    218103808
        3584            1           1.192         7168        14336
        3584            2           2.146        14336        28672
        3584            4           1.907        28672        57344
        3584            8           2.861        57344       114688
        3584           16           4.053       114688       229376
        3584           32           5.960       229376       458752
        3584           64          11.206       458752       917504
        3584          128          20.981       917504      1835008
        3584          256          41.008      1835008      3670016
        3584          512          78.917      3670016      7340032
        3584         1024         155.926      7340032     14680064
        3584         2048         309.944     14680064     29360128
        3584         4096         621.080     29360128     58720256
        3584         8192        1240.969     58720256    117440512
        3584        16384        2790.928    117440512    234881024
        3840            1           1.907         7680        15360
        3840            2           2.146        15360        30720
        3840            4           3.099        30720        61440
        3840            8           3.099        61440       122880
        3840           16           4.053       122880       245760
        3840           32           7.153       245760       491520
        3840           64          11.921       491520       983040
        3840          128          23.127       983040      1966080
        3840          256          43.869      1966080      3932160
        3840          512          86.069      3932160      7864320
        3840         1024         169.039      7864320     15728640
        3840         2048         340.939     15728640     31457280
        3840         4096         673.056     31457280     62914560
        3840         8192        1349.926     62914560    125829120
        3840        16384        2884.150    125829120    251658240
        4224            1           2.146         8448        16896
        4224            2           1.907        16896        33792
        4224            4           2.861        33792        67584
        4224            8           2.861        67584       135168
        4224           16           3.815       135168       270336
        4224           32           6.914       270336       540672
        4224           64          10.967       540672      1081344
        4224          128          20.981      1081344      2162688
        4224          256          40.054      2162688      4325376
        4224          512          78.917      4325376      8650752
        4224         1024         157.118      8650752     17301504
        4224         2048         313.044     17301504     34603008
        4224         4096         626.802     34603008     69206016
        4224         8192        1425.982     69206016    138412032
        4608            1           1.907         9216        18432
        4608            2           2.146        18432        36864
        4608            4           3.099        36864        73728
        4608            8           3.099        73728       147456
        4608           16           5.007       147456       294912
        4608           32           6.914       294912       589824
        4608           64          13.113       589824      1179648
        4608          128          23.127      1179648      2359296
        4608          256          44.107      2359296      4718592
        4608          512          85.115      4718592      9437184
        4608         1024         173.092      9437184     18874368
        4608         2048         338.078     18874368     37748736
        4608         4096         681.162     37748736     75497472
        4608         8192        1349.926     75497472    150994944
        4992            1           0.954         9984        19968
        4992            2           1.907        19968        39936
        4992            4           2.146        39936        79872
        4992            8           3.099        79872       159744
        4992           16           5.007       159744       319488
        4992           32           8.106       319488       638976
        4992           64          14.067       638976      1277952
        4992          128          25.988      1277952      2555904
        4992          256          51.022      2555904      5111808
        4992          512          99.897      5111808     10223616
        4992         1024         196.934     10223616     20447232
        4992         2048         540.018     20447232     40894464
        4992         4096         904.083     40894464     81788928
        4992         8192        2129.078     81788928    163577856
        5376            1           2.146        10752        21504
        5376            2           2.146        21504        43008
        5376            4           3.099        43008        86016
        5376            8           3.099        86016       172032
        5376           16           5.007       172032       344064
        5376           32           9.060       344064       688128
        5376           64          15.020       688128      1376256
        5376          128          27.895      1376256      2752512
        5376          256          53.883      2752512      5505024
        5376          512         106.812      5505024     11010048
        5376         1024         210.047     11010048     22020096
        5376         2048         668.049     22020096     44040192
        5376         4096         840.902     44040192     88080384
        5376         8192        1679.897     88080384    176160768
        5888            1           2.861        11776        23552
        5888            2           1.907        23552        47104
        5888            4           3.099        47104        94208
        5888            8           4.053        94208       188416
        5888           16           5.960       188416       376832
        5888           32           9.060       376832       753664
        5888           64          15.974       753664      1507328
        5888          128          30.994      1507328      3014656
        5888          256          60.081      3014656      6029312
        5888          512         118.971      6029312     12058624
        5888         1024         236.988     12058624     24117248
        5888         2048         475.883     24117248     48234496
        5888         4096         951.052     48234496     96468992
        5888         8192        2079.010     96468992    192937984
        6400            1           2.146        12800        25600
        6400            2           2.146        25600        51200
        6400            4           3.099        51200       102400
        6400            8           4.053       102400       204800
        6400           16           5.007       204800       409600
        6400           32           9.060       409600       819200
        6400           64          15.020       819200      1638400
        6400          128          30.041      1638400      3276800
        6400          256          57.936      3276800      6553600
        6400          512         115.156      6553600     13107200
        6400         1024         226.974     13107200     26214400
        6400         2048         454.903     26214400     52428800
        6400         4096         901.937     52428800    104857600
        6400         8192        1803.875    104857600    209715200
        7040            1           1.907        14080        28160
        7040            2           1.907        28160        56320
        7040            4           3.099        56320       112640
        7040            8           4.053       112640       225280
        7040           16           5.007       225280       450560
        7040           32          10.014       450560       901120
        7040           64          18.835       901120      1802240
        7040          128          33.855      1802240      3604480
        7040          256          71.049      3604480      7208960
        7040          512         134.945      7208960     14417920
        7040         1024         392.914     14417920     28835840
        7040         2048         547.886     28835840     57671680
        7040         4096        1404.047     57671680    115343360
        7040         8192        2788.067    115343360    230686720
        7680            1           1.907        15360        30720
        7680            2           1.907        30720        61440
        7680            4           2.861        61440       122880
        7680            8           3.815       122880       245760
        7680           16           6.914       245760       491520
        7680           32          11.206       491520       983040
        7680           64          20.027       983040      1966080
        7680          128          38.147      1966080      3932160
        7680          256          75.102      3932160      7864320
        7680          512         148.058      7864320     15728640
        7680         1024         458.956     15728640     31457280
        7680         2048         679.016     31457280     62914560
        7680         4096        1322.031     62914560    125829120
        7680         8192        2597.809    125829120    251658240
        8448            1           2.146        16896        33792
        8448            2           1.907        33792        67584
        8448            4           2.861        67584       135168
        8448            8           3.815       135168       270336
        8448           16           6.914       270336       540672
        8448           32          10.967       540672      1081344
        8448           64          20.027      1081344      2162688
        8448          128          37.909      2162688      4325376
        8448          256          75.817      4325376      8650752
        8448          512         150.919      8650752     17301504
        8448         1024         294.924     17301504     34603008
        8448         2048         588.894     34603008     69206016
        8448         4096        1182.079     69206016    138412032
        9216            1           0.954        18432        36864
        9216            2           3.099        36864        73728
        9216            4           3.099        73728       147456
        9216            8           4.053       147456       294912
        9216           16           5.960       294912       589824
        9216           32          11.921       589824      1179648
        9216           64          23.127      1179648      2359296
        9216          128          43.154      2359296      4718592
        9216          256          86.069      4718592      9437184
        9216          512         169.039      9437184     18874368
        9216         1024         336.885     18874368     37748736
        9216         2048         674.009     37748736     75497472
        9216         4096        1348.972     75497472    150994944
       10112            1           0.954        20224        40448
       10112            2           2.146        40448        80896
       10112            4           4.053        80896       161792
       10112            8           4.053       161792       323584
       10112           16           7.153       323584       647168
       10112           32          14.067       647168      1294336
       10112           64          25.988      1294336      2588672
       10112          128          49.829      2588672      5177344
       10112          256         102.043      5177344     10354688
       10112          512         195.980     10354688     20709376
       10112         1024         391.006     20709376     41418752
       10112         2048         782.013     41418752     82837504
       10112         4096        1561.880     82837504    165675008
       11008            1           3.099        22016        44032
       11008            2           2.146        44032        88064
       11008            4           4.053        88064       176128
       11008            8           4.053       176128       352256
       11008           16           8.106       352256       704512
       11008           32          14.067       704512      1409024
       11008           64          25.988      1409024      2818048
       11008          128          51.022      2818048      5636096
       11008          256         100.136      5636096     11272192
       11008          512         196.934     11272192     22544384
       11008         1024         391.960     22544384     45088768
       11008         2048         786.781     45088768     90177536
       11008         4096        1642.942     90177536    180355072
       12032            1           1.907        24064        48128
       12032            2           2.146        48128        96256
       12032            4           3.099        96256       192512
       12032            8           5.007       192512       385024
       12032           16           9.060       385024       770048
       12032           32          15.020       770048      1540096
       12032           64          30.041      1540096      3080192
       12032          128          56.982      3080192      6160384
       12032          256         113.010      6160384     12320768
       12032          512         224.113     12320768     24641536
       12032         1024         448.942     24641536     49283072
       12032         2048         895.023     49283072     98566144
       12032         4096        1784.086     98566144    197132288
       13184            1           3.099        26368        52736
       13184            2           3.099        52736       105472
       13184            4           4.053       105472       210944
       13184            8           5.007       210944       421888
       13184           16           8.821       421888       843776
       13184           32          16.928       843776      1687552
       13184           64          30.994      1687552      3375104
       13184          128          63.896      3375104      6750208
       13184          256         119.925      6750208     13500416
       13184          512         239.134     13500416     27000832
       13184         1024         473.976     27000832     54001664
       13184         2048         950.813     54001664    108003328
       13184         4096        1899.004    108003328    216006656
       14464            1           2.146        28928        57856
       14464            2           2.146        57856       115712
       14464            4           2.861       115712       231424
       14464            8           5.007       231424       462848
       14464           16           9.060       462848       925696
       14464           32          18.120       925696      1851392
       14464           64          31.948      1851392      3702784
       14464          128          63.896      3702784      7405568
       14464          256         128.984      7405568     14811136
       14464          512         252.962     14811136     29622272
       14464         1024         505.209     29622272     59244544
       14464         2048        1009.941     59244544    118489088
       14464         4096        2022.982    118489088    236978176
       15872            1           3.099        31744        63488
       15872            2           3.099        63488       126976
       15872            4           4.053       126976       253952
       15872            8           5.960       253952       507904
       15872           16          10.967       507904      1015808
       15872           32          19.789      1015808      2031616
       15872           64          36.955      2031616      4063232
       15872          128          77.009      4063232      8126464
       15872          256         144.958      8126464     16252928
       15872          512         286.818     16252928     32505856
       15872         1024         572.920     32505856     65011712
       15872         2048        1142.979     65011712    130023424
       15872         4096        2285.004    130023424    260046848
       17408            1           1.907        34816        69632
       17408            2           3.099        69632       139264
       17408            4           4.053       139264       278528
       17408            8           7.153       278528       557056
       17408           16          11.921       557056      1114112
       17408           32          20.981      1114112      2228224
       17408           64          40.054      2228224      4456448
       17408          128          78.201      4456448      8912896
       17408          256         154.972      8912896     17825792
       17408          512         309.944     17825792     35651584
       17408         1024         612.974     35651584     71303168
       17408         2048        1232.147     71303168    142606336
       19072            1           1.907        38144        76288
       19072            2           2.861        76288       152576
       19072            4           4.053       152576       305152
       19072            8           6.914       305152       610304
       19072           16          16.212       610304      1220608
       19072           32          21.935      1220608      2441216
       19072           64          43.869      2441216      4882432
       19072          128          84.877      4882432      9764864
       19072          256         169.039      9764864     19529728
       19072          512         334.978     19529728     39059456
       19072         1024         671.864     39059456     78118912
       19072         2048        1339.912     78118912    156237824
       20864            1           1.907        41728        83456
       20864            2           3.099        83456       166912
       20864            4           4.053       166912       333824
       20864            8           6.914       333824       667648
       20864           16          13.113       667648      1335296
       20864           32          24.080      1335296      2670592
       20864           64          46.968      2670592      5341184
       20864          128          92.030      5341184     10682368
       20864          256         185.966     10682368     21364736
       20864          512         363.111     21364736     42729472
       20864         1024         727.177     42729472     85458944
       20864         2048        1450.062     85458944    170917888
       22912            1           3.099        45824        91648
       22912            2           4.053        91648       183296
       22912            4           5.007       183296       366592
       22912            8           7.868       366592       733184
       22912           16          13.828       733184      1466368
       22912           32          25.988      1466368      2932736
       22912           64          51.022      2932736      5865472
       22912          128         100.851      5865472     11730944
       22912          256         279.903     11730944     23461888
       22912          512         521.898     23461888     46923776
       22912         1024         794.888     46923776     93847552
       22912         2048        1596.928     93847552    187695104
       25088            1           1.907        50176       100352
       25088            2           4.053       100352       200704
       25088            4           4.768       200704       401408
       25088            8           9.060       401408       802816
       25088           16          15.020       802816      1605632
       25088           32          29.087      1605632      3211264
       25088           64          56.028      3211264      6422528
       25088          128         108.957      6422528     12845056
       25088          256         217.199     12845056     25690112
       25088          512         432.014     25690112     51380224
       25088         1024         864.983     51380224    102760448
       25088         2048        1729.012    102760448    205520896
       27520            1           3.099        55040       110080
       27520            2           4.053       110080       220160
       27520            4           5.007       220160       440320
       27520            8           9.060       440320       880640
       27520           16          17.166       880640      1761280
       27520           32          31.948      1761280      3522560
       27520           64          61.989      3522560      7045120
       27520          128         121.117      7045120     14090240
       27520          256         247.955     14090240     28180480
       27520          512         480.890     28180480     56360960
       27520         1024         962.973     56360960    112721920
       27520         2048        1924.992    112721920    225443840
       30208            1           2.861        60416       120832
       30208            2           3.815       120832       241664
       30208            4           5.960       241664       483328
       30208            8          10.014       483328       966656
       30208           16          18.835       966656      1933312
       30208           32          33.855      1933312      3866624
       30208           64          67.949      3866624      7733248
       30208          128         133.991      7733248     15466496
       30208          256         267.982     15466496     30932992
       30208          512         529.051     30932992     61865984
       30208         1024        1058.817     61865984    123731968
       30208         2048        2115.011    123731968    247463936
       33152            1           3.099        66304       132608
       33152            2           3.099       132608       265216
       33152            4           5.960       265216       530432
       33152            8          10.967       530432      1060864
       33152           16          20.027      1060864      2121728
       33152           32          38.147      2121728      4243456
       33152           64          72.956      4243456      8486912
       33152          128         145.912      8486912     16973824
       33152          256         285.864     16973824     33947648
       33152          512         570.059     33947648     67895296
       33152         1024        1143.932     67895296    135790592
       36352            1           1.907        72704       145408
       36352            2           4.053       145408       290816
       36352            4           5.960       290816       581632
       36352            8          10.967       581632      1163264
       36352           16          20.981      1163264      2326528
       36352           32          41.008      2326528      4653056
       36352           64          80.109      4653056      9306112
       36352          128         159.979      9306112     18612224
       36352          256         317.812     18612224     37224448
       36352          512         635.862     37224448     74448896
       36352         1024        1269.817     74448896    148897792
       39936            1           4.053        79872       159744
       39936            2           4.053       159744       319488
       39936            4           6.914       319488       638976
       39936            8          12.159       638976      1277952
       39936           16          23.127      1277952      2555904
       39936           32          44.107      2555904      5111808
       39936           64          87.976      5111808     10223616
       39936          128         178.099     10223616     20447232
       39936          256         344.992     20447232     40894464
       39936          512         690.937     40894464     81788928
       39936         1024        1378.059     81788928    163577856
       43904            1           2.861        87808       175616
       43904            2           5.007       175616       351232
       43904            4           7.153       351232       702464
       43904            8          12.875       702464      1404928
       43904           16          25.034      1404928      2809856
       43904           32          49.114      2809856      5619712
       43904           64          97.036      5619712     11239424
       43904          128         191.212     11239424     22478848
       43904          256         381.947     22478848     44957696
       43904          512         757.933     44957696     89915392
       43904         1024        1518.011     89915392    179830784
       48256            1           3.099        96512       193024
       48256            2           5.007       193024       386048
       48256            4           8.106       386048       772096
       48256            8          14.067       772096      1544192
       48256           16          28.133      1544192      3088384
       48256           32          53.167      3088384      6176768
       48256           64         106.096      6176768     12353536
       48256          128         210.047     12353536     24707072
       48256          256         424.147     24707072     49414144
       48256          512         838.041     49414144     98828288
       48256         1024        1669.168     98828288    197656576
       52992            1           3.099       105984       211968
       52992            2           5.960       211968       423936
       52992            4           9.060       423936       847872
       52992            8          15.974       847872      1695744
       52992           16          30.994      1695744      3391488
       52992           32          61.989      3391488      6782976
       52992           64         116.110      6782976     13565952
       52992          128         231.028     13565952     27131904
       52992          256         459.909     27131904     54263808
       52992          512         919.104     54263808    108527616
       52992         1024        1839.876    108527616    217055232
       58240            1           4.053       116480       232960
       58240            2           5.007       232960       465920
       58240            4           9.060       465920       931840
       58240            8          16.928       931840      1863680
       58240           16          33.140      1863680      3727360
       58240           32          64.135      3727360      7454720
       58240           64         127.077      7454720     14909440
       58240          128         253.916     14909440     29818880
       58240          256         500.917     29818880     59637760
       58240          512        1002.073     59637760    119275520
       58240         1024        2008.915    119275520    238551040
       64000            1           3.815       128000       256000
       64000            2           5.960       256000       512000
       64000            4          10.967       512000      1024000
       64000            8          18.835      1024000      2048000
       64000           16          36.001      2048000      4096000
       64000           32          69.141      4096000      8192000
       64000           64         138.044      8192000     16384000
       64000          128         276.804     16384000     32768000
       64000          256         545.979     32768000     65536000
       64000          512        1120.090     65536000    131072000
       64000         1024        2186.060    131072000    262144000
       70400            1           3.815       140800       281600
       70400            2           6.914       281600       563200
       70400            4          10.967       563200      1126400
       70400            8          20.981      1126400      2252800
       70400           16          39.816      2252800      4505600
       70400           32          77.009      4505600      9011200
       70400           64         151.157      9011200     18022400
       70400          128         302.076     18022400     36044800
       70400          256         604.153     36044800     72089600
       70400          512        1204.014     72089600    144179200
       77440            1           4.053       154880       309760
       77440            2           6.914       309760       619520
       77440            4          12.159       619520      1239040
       77440            8          21.935      1239040      2478080
       77440           16          43.869      2478080      4956160
       77440           32          84.877      4956160      9912320
       77440           64         167.847      9912320     19824640
       77440          128         336.885     19824640     39649280
       77440          256         667.810     39649280     79298560
       77440          512        1339.912     79298560    158597120
       85120            1           5.007       170240       340480
       85120            2           8.106       340480       680960
       85120            4          12.875       680960      1361920
       85120            8          25.034      1361920      2723840
       85120           16          47.922      2723840      5447680
       85120           32          92.983      5447680     10895360
       85120           64         184.059     10895360     21790720
       85120          128         370.026     21790720     43581440
       85120          256         730.038     43581440     87162880
       85120          512        1464.128     87162880    174325760
       93568            1           5.007       187136       374272
       93568            2           8.106       374272       748544
       93568            4          14.067       748544      1497088
       93568            8          27.180      1497088      2994176
       93568           16          51.975      2994176      5988352
       93568           32         100.851      5988352     11976704
       93568           64         201.941     11976704     23953408
       93568          128         404.119     23953408     47906816
       93568          256         802.040     47906816     95813632
       93568          512        1607.895     95813632    191627264
      102912            1           5.007       205824       411648
      102912            2           9.060       411648       823296
      102912            4          15.020       823296      1646592
      102912            8          29.087      1646592      3293184
      102912           16          56.028      3293184      6586368
      102912           32         111.103      6586368     13172736
      102912           64         220.060     13172736     26345472
      102912          128         685.215     26345472     52690944
      102912          256         883.102     52690944    105381888
      102912          512        1762.867    105381888    210763776
      113152            1           5.007       226304       452608
      113152            2          10.014       452608       905216
      113152            4          16.928       905216      1810432
      113152            8          30.994      1810432      3620864
      113152           16          61.035      3620864      7241728
      113152           32         121.832      7241728     14483456
      113152           64         241.995     14483456     28966912
      113152          128         488.043     28966912     57933824
      113152          256         966.787     57933824    115867648
      113152          512        1929.045    115867648    231735296
      124416            1           5.960       248832       497664
      124416            2          10.967       497664       995328
      124416            4          18.120       995328      1990656
      124416            8          35.048      1990656      3981312
      124416           16          68.903      3981312      7962624
      124416           32         133.991      7962624     15925248
      124416           64         266.075     15925248     31850496
      124416          128         537.157     31850496     63700992
      124416          256        1065.016     63700992    127401984
      124416          512        2128.839    127401984    254803968
      136832            1           6.914       273664       547328
      136832            2          10.967       547328      1094656
      136832            4          20.027      1094656      2189312
      136832            8          39.101      2189312      4378624
      136832           16          75.102      4378624      8757248
      136832           32         148.058      8757248     17514496
      136832           64         297.070     17514496     35028992
      136832          128         583.887     35028992     70057984
      136832          256        1170.874     70057984    140115968
      150400            1           5.960       300800       601600
      150400            2          12.159       601600      1203200
      150400            4          21.935      1203200      2406400
      150400            8          41.962      2406400      4812800
      150400           16          87.976      4812800      9625600
      150400           32         162.125      9625600     19251200
      150400           64         321.865     19251200     38502400
      150400          128         643.969     38502400     77004800
      150400          256        1287.937     77004800    154009600
      165376            1           7.868       330752       661504
      165376            2          11.921       661504      1323008
      165376            4          24.080      1323008      2646016
      165376            8          46.015      2646016      5292032
      165376           16          89.884      5292032     10584064
      165376           32         176.907     10584064     21168128
      165376           64         359.058     21168128     42336256
      165376          128         705.004     42336256     84672512
      165376          256        1413.107     84672512    169345024
      181888            1           7.153       363776       727552
      181888            2          14.067       727552      1455104
      181888            4          25.988      1455104      2910208
      181888            8          50.068      2910208      5820416
      181888           16          98.944      5820416     11640832
      181888           32         195.026     11640832     23281664
      181888           64         394.821     23281664     46563328
      181888          128         776.052     46563328     93126656
      181888          256        1555.920     93126656    186253312
      200064            1           8.106       400128       800256
      200064            2          15.974       800256      1600512
      200064            4          27.895      1600512      3201024
      200064            8          54.836      3201024      6402048
      200064           16         108.004      6402048     12804096
      200064           32         214.100     12804096     25608192
      200064           64         430.107     25608192     51216384
      200064          128         856.161     51216384    102432768
      200064          256        1703.978    102432768    204865536
      220032            1           8.821       440064       880128
      220032            2          15.974       880128      1760256
      220032            4          30.994      1760256      3520512
      220032            8          63.896      3520512      7041024
      220032           16         118.971      7041024     14082048
      220032           32         235.081     14082048     28164096
      220032           64         468.016     28164096     56328192
      220032          128         936.985     56328192    112656384
      220032          256        1872.063    112656384    225312768
      241920            1          10.014       483840       967680
      241920            2          18.120       967680      1935360
      241920            4          34.094      1935360      3870720
      241920            8          66.042      3870720      7741440
      241920           16         129.938      7741440     15482880
      241920           32         261.068     15482880     30965760
      241920           64         513.077     30965760     61931520
      241920          128        1027.107     61931520    123863040
      241920          256        2053.976    123863040    247726080
      266112            1          10.967       532224      1064448
      266112            2          19.073      1064448      2128896
      266112            4          37.193      2128896      4257792
      266112            8          72.956      4257792      8515584
      266112           16         148.058      8515584     17031168
      266112           32         283.957     17031168     34062336
      266112           64         567.913     34062336     68124672
      266112          128        1138.926     68124672    136249344
      292608            1          11.921       585216      1170432
      292608            2          21.219      1170432      2340864
      292608            4          41.008      2340864      4681728
      292608            8          79.155      4681728      9363456
      292608           16         157.118      9363456     18726912
      292608           32         312.090     18726912     37453824
      292608           64         626.087     37453824     74907648
      292608          128        1245.975     74907648    149815296
      321792            1          12.875       643584      1287168
      321792            2          22.888      1287168      2574336
      321792            4          43.869      2574336      5148672
      321792            8          86.784      5148672     10297344
      321792           16         171.900     10297344     20594688
      321792           32         344.038     20594688     41189376
      321792           64         682.116     41189376     82378752
      321792          128        1373.053     82378752    164757504
      353920            1          14.067       707840      1415680
      353920            2          25.034      1415680      2831360
      353920            4          48.876      2831360      5662720
      353920            8          95.844      5662720     11325440
      353920           16         190.020     11325440     22650880
      353920           32         380.993     22650880     45301760
      353920           64         751.972     45301760     90603520
      353920          128        1508.951     90603520    181207040
      389248            1          15.020       778496      1556992
      389248            2          26.941      1556992      3113984
      389248            4          53.883      3113984      6227968
      389248            8         103.951      6227968     12455936
      389248           16         207.186     12455936     24911872
      389248           32         416.040     24911872     49823744
      389248           64         827.789     49823744     99647488
      389248          128        1652.002     99647488    199294976
      428160            1          17.166       856320      1712640
      428160            2          30.041      1712640      3425280
      428160            4          57.936      3425280      6850560
      428160            8         115.156      6850560     13701120
      428160           16         230.074     13701120     27402240
      428160           32         455.141     27402240     54804480
      428160           64         909.090     54804480    109608960
      428160          128        1825.809    109608960    219217920
      470912            1          19.073       941824      1883648
      470912            2          33.140      1883648      3767296
      470912            4          64.135      3767296      7534592
      470912            8         126.123      7534592     15069184
      470912           16         252.008     15069184     30138368
      470912           32         504.971     30138368     60276736
      470912           64        1003.027     60276736    120553472
      470912          128        2004.862    120553472    241106944
      517888            1          20.981      1035776      2071552
      517888            2          36.001      2071552      4143104
      517888            4          71.049      4143104      8286208
      517888            8         138.998      8286208     16572416
      517888           16         276.089     16572416     33144832
      517888           32         554.085     33144832     66289664
      517888           64        1101.017     66289664    132579328
      569600            1          21.935      1139200      2278400
      569600            2          39.816      2278400      4556800
      569600            4          77.009      4556800      9113600
      569600            8         153.065      9113600     18227200
      569600           16         306.129     18227200     36454400
      569600           32         605.106     36454400     72908800
      569600           64        1214.027     72908800    145817600
      626560            1          24.080      1253120      2506240
      626560            2          42.915      2506240      5012480
      626560            4          84.877      5012480     10024960
      626560            8         166.893     10024960     20049920
      626560           16         334.024     20049920     40099840
      626560           32         718.117     40099840     80199680
      626560           64        1334.190     80199680    160399360
      689152            1          26.941      1378304      2756608
      689152            2          46.968      2756608      5513216
      689152            4          93.222      5513216     11026432
      689152            8         186.920     11026432     22052864
      689152           16         366.926     22052864     44105728
      689152           32         734.806     44105728     88211456
      689152           64        1462.936     88211456    176422912
      758016            1          28.849      1516032      3032064
      758016            2          51.975      3032064      6064128
      758016            4         102.043      6064128     12128256
      758016            8         207.186     12128256     24256512
      758016           16         406.027     24256512     48513024
      758016           32         807.047     48513024     97026048
      758016           64        1606.941     97026048    194052096
      833792            1          32.187      1667584      3335168
      833792            2          60.081      3335168      6670336
      833792            4         112.057      6670336     13340672
      833792            8         222.921     13340672     26681344
      833792           16         442.982     26681344     53362688
      833792           32         885.010     53362688    106725376
      833792           64        1770.973    106725376    213450752
      917120            1          35.048      1834240      3668480
      917120            2          63.181      3668480      7336960
      917120            4         123.978      7336960     14673920
      917120            8         243.902     14673920     29347840
      917120           16         488.997     29347840     58695680
      917120           32         976.086     58695680    117391360
      917120           64        1950.026    117391360    234782720
     1008768            1          38.862      2017536      4035072
     1008768            2          68.903      4035072      8070144
     1008768            4         134.945      8070144     16140288
     1008768            8         268.936     16140288     32280576
     1008768           16         537.872     32280576     64561152
     1008768           32        1070.976     64561152    129122304
     1008768           64        2143.860    129122304    258244608
     1109632            1          45.061      2219264      4438528
     1109632            2          76.056      4438528      8877056
     1109632            4         149.012      8877056     17754112
     1109632            8         299.215     17754112     35508224
     1109632           16         590.086     35508224     71016448
     1109632           32        1188.040     71016448    142032896
     1220480            1          46.968      2440960      4881920
     1220480            2          82.970      4881920      9763840
     1220480            4         164.032      9763840     19527680
     1220480            8         324.965     19527680     39055360
     1220480           16         650.883     39055360     78110720
     1220480           32        1296.997     78110720    156221440
     1342464            1          52.929      2684928      5369856
     1342464            2          90.837      5369856     10739712
     1342464            4         180.006     10739712     21479424
     1342464            8         360.012     21479424     42958848
     1342464           16         713.825     42958848     85917696
     1342464           32        1422.882     85917696    171835392
     1476608            1          56.982      2953216      5906432
     1476608            2         100.136      5906432     11812864
     1476608            4         197.172     11812864     23625728
     1476608            8         395.060     23625728     47251456
     1476608           16         785.828     47251456     94502912
     1476608           32        1564.980     94502912    189005824
     1624192            1          65.088      3248384      6496768
     1624192            2         110.149      6496768     12993536
     1624192            4         216.961     12993536     25987072
     1624192            8         433.922     25987072     51974144
     1624192           16         864.029     51974144    103948288
     1624192           32        1724.005    103948288    207896576
     1786496            1          68.903      3572992      7145984
     1786496            2         120.878      7145984     14291968
     1786496            4         237.942     14291968     28583936
     1786496            8         473.976     28583936     57167872
     1786496           16         950.098     57167872    114335744
     1786496           32        1895.905    114335744    228671488
     1965056            1          75.102      3930112      7860224
     1965056            2         132.084      7860224     15720448
     1965056            4         266.075     15720448     31440896
     1965056            8         520.945     31440896     62881792
     1965056           16        1043.081     62881792    125763584
     1965056           32        2090.931    125763584    251527168
     2161536            1          82.970      4323072      8646144
     2161536            2         146.866      8646144     17292288
     2161536            4         288.010     17292288     34584576
     2161536            8         586.033     34584576     69169152
     2161536           16        1148.224     69169152    138338304
     2377600            1         107.050      4755200      9510400
     2377600            2         159.979      9510400     19020800
     2377600            4         316.858     19020800     38041600
     2377600            8         634.909     38041600     76083200
     2377600           16        1263.142     76083200    152166400
     2615296            1         101.089      5230592     10461184
     2615296            2         174.999     10461184     20922368
     2615296            4         350.952     20922368     41844736
     2615296            8         697.136     41844736     83689472
     2615296           16        1387.119     83689472    167378944
     2876800            1         110.149      5753600     11507200
     2876800            2         191.927     11507200     23014400
     2876800            4         385.046     23014400     46028800
     2876800            8         761.986     46028800     92057600
     2876800           16        1552.820     92057600    184115200
     3164416            1         122.070      6328832     12657664
     3164416            2         211.000     12657664     25315328
     3164416            4         423.908     25315328     50630656
     3164416            8         840.902     50630656    101261312
     3164416           16        1682.997    101261312    202522624
     3480832            1         136.137      6961664     13923328
     3480832            2         236.034     13923328     27846656
     3480832            4         461.817     27846656     55693312
     3480832            8         926.018     55693312    111386624
     3480832           16        1846.790    111386624    222773248
     3828864            1         149.012      7657728     15315456
     3828864            2         254.869     15315456     30630912
     3828864            4         511.169     30630912     61261824
     3828864            8        1018.047     61261824    122523648
     3828864           16        2058.983    122523648    245047296
     4211712            1         161.886      8423424     16846848
     4211712            2         281.096     16846848     33693696
     4211712            4         561.953     33693696     67387392
     4211712            8        1119.137     67387392    134774784
     4632832            1         177.145      9265664     18531328
     4632832            2         308.037     18531328     37062656
     4632832            4         617.981     37062656     74125312
     4632832            8        1228.809     74125312    148250624
     5096064            1         200.033     10192128     20384256
     5096064            2         339.031     20384256     40768512
     5096064            4         679.016     40768512     81537024
     5096064            8        1389.980     81537024    163074048
     5605632            1         214.100     11211264     22422528
     5605632            2         376.940     22422528     44845056
     5605632            4         741.959     44845056     89690112
     5605632            8        1490.116     89690112    179380224
     6166144            1         233.889     12332288     24664576
     6166144            2         408.888     24664576     49329152
     6166144            4         821.829     49329152     98658304
     6166144            8        1637.936     98658304    197316608
     6782720            1         257.969     13565440     27130880
     6782720            2         454.903     27130880     54261760
     6782720            4         901.937     54261760    108523520
     6782720            8        1826.048    108523520    217047040
     7460992            1         289.917     14921984     29843968
     7460992            2         494.957     29843968     59687936
     7460992            4         991.106     59687936    119375872
     7460992            8        1981.974    119375872    238751744
     8206976            1         316.143     16413952     32827904
     8206976            2         547.171     32827904     65655808
     8206976            4        1091.003     65655808    131311616
     9027584            1         347.853     18055168     36110336
     9027584            2         602.007     36110336     72220672
     9027584            4        1198.053     72220672    144441344
     9930240            1         382.900     19860480     39720960
     9930240            2         658.035     39720960     79441920
     9930240            4        1331.091     79441920    158883840
    10923264            1         418.186     21846528     43693056
    10923264            2         727.177     43693056     87386112
    10923264            4        1449.108     87386112    174772224
    12015488            1         466.108     24030976     48061952
    12015488            2         795.841     48061952     96123904
    12015488            4        1599.073     96123904    192247808
    13217024            1         500.917     26434048     52868096
    13217024            2         874.996     52868096    105736192
    13217024            4        1754.999    105736192    211472384
    14538624            1         551.939     29077248     58154496
    14538624            2         966.072     58154496    116308992
    14538624            4        1929.998    116308992    232617984
    15992448            1         612.020     31984896     63969792
    15992448            2        1064.062     63969792    127939584
    15992448            4        2125.978    127939584    255879168
    17591680            1         664.949     35183360     70366720
    17591680            2        1168.966     70366720    140733440
    19350784            1         730.991     38701568     77403136
    19350784            2        1284.122     77403136    154806272
    21285760            1         804.186     42571520     85143040
    21285760            2        1420.975     85143040    170286080
    23414272            1         874.043     46828544     93657088
    23414272            2        1557.112     93657088    187314176
    25755648            1         961.065     51511296    103022592
    25755648            2        1711.845    103022592    206045184
    28331136            1        1056.910     56662272    113324544
    28331136            2        1879.930    113324544    226649088
    31164160            1        1165.867     62328320    124656640
    31164160            2        2074.957    124656640    249313280
    34280576            1        1285.076     68561152    137122304
    37708544            1        1435.041     75417088    150834176
    41479296            1        1580.000     82958592    165917184
    45627136            1        1776.934     91254272    182508544
    50189824            1        2511.024    100379648    200759296
    55208704            1        4153.013    110417408    220834816
    60729472            1        5164.862    121458944    242917888

META_DATA
FLOPS          32
OPENMP_THREADS 16
ERT_VERSION  1.1.0
TIMESTAMP_DATA  1554494147.42
HOSTNAME  ('marianas.pnl.gov', [], ['130.20.68.57'])
UNAME  ('Linux', 'marianas.pnl.gov', '3.10.0-514.21.1.el7.x86_64', '#1 SMP Thu May 25 17:04:51 UTC 2017', 'x86_64', 'x86_64')
CONFIG  {'ERT_WORKING_SET_MIN': ['1'], 'ERT_CFLAGS': ['-O3', '-msse3', '-axSSE3', '-xSSE3', '-fno-alias', '-fno-fnalias', '-DERT_INTEL'], 'ERT_CC': ['icc'], 'ERT_OPENMP_LDFLAGS': ['-qopenmp'], 'ERT_MEMORY_MAX': ['65558828'], 'ERT_LDFLAGS': [], 'ERT_LDLIBS': [], 'ERT_RUN': ['export', 'KMP_AFFINITY=scatter;', 'export', 'OMP_NUM_THREADS=ERT_OPENMP_THREADS;', 'ERT_CODE'], 'ERT_FLOPS': ['32'], 'ERT_OPENMP_CFLAGS': ['-qopenmp'], 'ERT_MPI': [False], 'ERT_TRIALS_MIN': ['1'], 'ERT_DRIVER': ['driver1'], 'ERT_RESULTS': ['marianas_omp'], 'ERT_OPENMP': ['True'], 'ERT_OPENMP_THREADS': ['16'], 'ERT_KERNEL': ['kernel1'], 'ERT_GPU': [False], 'ERT_LD': ['icc'], 'ERT_NUM_EXPERIMENTS': ['5'], 'ERT_ALIGN': ['32'], 'ERT_GNUPLOT': ['gnuplot']}
