         128            1          20.027          256          512
         128            2           2.146          512         1024
         128            4           3.099         1024         2048
         128            8           2.861         2048         4096
         128           16           3.815         4096         8192
         128           32           5.960         8192        16384
         128           64           7.868        16384        32768
         128          128          13.828        32768        65536
         128          256          24.080        65536       131072
         128          512          45.776       131072       262144
         128         1024         107.050       262144       524288
         128         2048         175.953       524288      1048576
         128         4096         349.998      1048576      2097152
         128         8192         704.050      2097152      4194304
         128        16384        1401.186      4194304      8388608
         128        32768        2802.134      8388608     16777216
         128        65536        5165.815     16777216     33554432
         128       131072       10334.015     33554432     67108864
         128       262144       18892.050     67108864    134217728
         256            1           2.146          512         1024
         256            2           2.146         1024         2048
         256            4           3.099         2048         4096
         256            8           2.146         4096         8192
         256           16           3.099         8192        16384
         256           32           4.053        16384        32768
         256           64           7.153        32768        65536
         256          128          10.014        65536       131072
         256          256          49.829       131072       262144
         256          512          36.955       262144       524288
         256         1024          71.049       524288      1048576
         256         2048         140.905      1048576      2097152
         256         4096         279.903      2097152      4194304
         256         8192         561.953      4194304      8388608
         256        16384        1119.137      8388608     16777216
         256        32768        2166.033     16777216     33554432
         256        65536        4191.875     33554432     67108864
         256       131072        8177.042     67108864    134217728
         384            1           2.146          768         1536
         384            2           3.099         1536         3072
         384            4           1.907         3072         6144
         384            8           1.907         6144        12288
         384           16           2.861        12288        24576
         384           32           3.815        24576        49152
         384           64           5.960        49152        98304
         384          128           9.060        98304       196608
         384          256          17.166       196608       393216
         384          512          31.948       393216       786432
         384         1024          62.943       786432      1572864
         384         2048         127.077      1572864      3145728
         384         4096         247.955      3145728      6291456
         384         8192         493.050      6291456     12582912
         384        16384         987.768     12582912     25165824
         384        32768        1972.914     25165824     50331648
         384        65536        3865.004     50331648    100663296
         384       131072        7456.064    100663296    201326592
         512            1           1.907         1024         2048
         512            2           2.146         2048         4096
         512            4           2.146         4096         8192
         512            8           1.907         8192        16384
         512           16           2.861        16384        32768
         512           32           4.053        32768        65536
         512           64           5.960        65536       131072
         512          128           9.060       131072       262144
         512          256          16.212       262144       524288
         512          512          30.994       524288      1048576
         512         1024          59.843      1048576      2097152
         512         2048         117.779      2097152      4194304
         512         4096         234.127      4194304      8388608
         512         8192         479.937      8388608     16777216
         512        16384         933.886     16777216     33554432
         512        32768        1842.022     33554432     67108864
         512        65536        3530.979     67108864    134217728
         640            1           2.861         1280         2560
         640            2           1.907         2560         5120
         640            4           1.907         5120        10240
         640            8           3.099        10240        20480
         640           16           3.099        20480        40960
         640           32           4.053        40960        81920
         640           64           5.007        81920       163840
         640          128           9.060       163840       327680
         640          256          15.974       327680       655360
         640          512          29.802       655360      1310720
         640         1024          57.936      1310720      2621440
         640         2048         113.964      2621440      5242880
         640         4096         226.974      5242880     10485760
         640         8192         454.903     10485760     20971520
         640        16384        1044.035     20971520     41943040
         640        32768        1824.141     41943040     83886080
         640        65536        3613.949     83886080    167772160
         768            1           1.907         1536         3072
         768            2           2.146         3072         6144
         768            4           1.192         6144        12288
         768            8           2.861        12288        24576
         768           16           2.861        24576        49152
         768           32           2.861        49152        98304
         768           64           5.007        98304       196608
         768          128           9.060       196608       393216
         768          256          15.020       393216       786432
         768          512          31.948       786432      1572864
         768         1024          57.936      1572864      3145728
         768         2048         114.918      3145728      6291456
         768         4096         226.021      6291456     12582912
         768         8192         448.942     12582912     25165824
         768        16384         898.838     25165824     50331648
         768        32768        1796.007     50331648    100663296
         768        65536        3591.061    100663296    201326592
         896            1           2.146         1792         3584
         896            2           2.146         3584         7168
         896            4           1.907         7168        14336
         896            8           1.907        14336        28672
         896           16           2.861        28672        57344
         896           32           3.815        57344       114688
         896           64           5.960       114688       229376
         896          128          10.014       229376       458752
         896          256          19.073       458752       917504
         896          512          36.955       917504      1835008
         896         1024          71.049      1835008      3670016
         896         2048         139.952      3670016      7340032
         896         4096         278.950      7340032     14680064
         896         8192         558.853     14680064     29360128
         896        16384        1055.956     29360128     58720256
         896        32768        2110.004     58720256    117440512
         896        65536        4215.002    117440512    234881024
        1024            1           3.099         2048         4096
        1024            2           1.907         4096         8192
        1024            4           1.907         8192        16384
        1024            8           2.861        16384        32768
        1024           16           1.907        32768        65536
        1024           32           2.861        65536       131072
        1024           64           5.960       131072       262144
        1024          128           9.060       262144       524288
        1024          256          17.166       524288      1048576
        1024          512          34.094      1048576      2097152
        1024         1024          66.996      2097152      4194304
        1024         2048         135.183      4194304      8388608
        1024         4096         260.115      8388608     16777216
        1024         8192         519.991     16777216     33554432
        1024        16384        1040.220     33554432     67108864
        1024        32768        2001.047     67108864    134217728
        1152            1           2.146         2304         4608
        1152            2           2.146         4608         9216
        1152            4           1.907         9216        18432
        1152            8           2.861        18432        36864
        1152           16           2.861        36864        73728
        1152           32           4.053        73728       147456
        1152           64           5.960       147456       294912
        1152          128          12.159       294912       589824
        1152          256          20.981       589824      1179648
        1152          512          41.008      1179648      2359296
        1152         1024          79.870      2359296      4718592
        1152         2048         155.926      4718592      9437184
        1152         4096         311.136      9437184     18874368
        1152         8192         622.988     18874368     37748736
        1152        16384        1235.962     37748736     75497472
        1152        32768        2471.924     75497472    150994944
        1280            1           0.954         2560         5120
        1280            2           1.907         5120        10240
        1280            4           2.861        10240        20480
        1280            8           3.099        20480        40960
        1280           16           4.053        40960        81920
        1280           32           4.053        81920       163840
        1280           64           7.153       163840       327680
        1280          128          10.967       327680       655360
        1280          256          20.981       655360      1310720
        1280          512          40.054      1310720      2621440
        1280         1024          81.062      2621440      5242880
        1280         2048         155.210      5242880     10485760
        1280         4096         308.990     10485760     20971520
        1280         8192         617.027     20971520     41943040
        1280        16384        1230.001     41943040     83886080
        1280        32768        2360.106     83886080    167772160
        1408            1           2.146         2816         5632
        1408            2           1.907         5632        11264
        1408            4           1.907        11264        22528
        1408            8           2.861        22528        45056
        1408           16           3.099        45056        90112
        1408           32           3.815        90112       180224
        1408           64           5.960       180224       360448
        1408          128          12.159       360448       720896
        1408          256          23.127       720896      1441792
        1408          512          43.869      1441792      2883584
        1408         1024          85.831      2883584      5767168
        1408         2048         174.046      5767168     11534336
        1408         4096         340.939     11534336     23068672
        1408         8192         682.831     23068672     46137344
        1408        16384        1361.847     46137344     92274688
        1408        32768        2724.886     92274688    184549376
        1536            1           0.954         3072         6144
        1536            2           1.907         6144        12288
        1536            4           1.192        12288        24576
        1536            8           3.099        24576        49152
        1536           16           2.861        49152        98304
        1536           32           3.815        98304       196608
        1536           64           7.868       196608       393216
        1536          128          12.159       393216       786432
        1536          256          21.935       786432      1572864
        1536          512          42.915      1572864      3145728
        1536         1024          85.831      3145728      6291456
        1536         2048         167.847      6291456     12582912
        1536         4096         335.932     12582912     25165824
        1536         8192         674.009     25165824     50331648
        1536        16384        1343.966     50331648    100663296
        1536        32768        2688.169    100663296    201326592
        1664            1           2.146         3328         6656
        1664            2           0.954         6656        13312
        1664            4           2.146        13312        26624
        1664            8           3.099        26624        53248
        1664           16           4.053        53248       106496
        1664           32           5.007       106496       212992
        1664           64           7.153       212992       425984
        1664          128          14.067       425984       851968
        1664          256          25.988       851968      1703936
        1664          512          51.022      1703936      3407872
        1664         1024          99.897      3407872      6815744
        1664         2048         200.987      6815744     13631488
        1664         4096         396.013     13631488     27262976
        1664         8192         792.980     27262976     54525952
        1664        16384        1580.954     54525952    109051904
        1664        32768        3169.060    109051904    218103808
        1792            1           1.907         3584         7168
        1792            2           1.907         7168        14336
        1792            4           2.146        14336        28672
        1792            8           3.099        28672        57344
        1792           16           3.099        57344       114688
        1792           32           5.007       114688       229376
        1792           64           7.868       229376       458752
        1792          128          13.828       458752       917504
        1792          256          25.988       917504      1835008
        1792          512          50.068      1835008      3670016
        1792         1024          98.944      3670016      7340032
        1792         2048         196.934      7340032     14680064
        1792         4096         391.006     14680064     29360128
        1792         8192         786.066     29360128     58720256
        1792        16384        1564.026     58720256    117440512
        1792        32768        3123.999    117440512    234881024
        1920            1           1.907         3840         7680
        1920            2           1.907         7680        15360
        1920            4           2.146        15360        30720
        1920            8           3.099        30720        61440
        1920           16           4.053        61440       122880
        1920           32           5.007       122880       245760
        1920           64           9.060       245760       491520
        1920          128          15.974       491520       983040
        1920          256          29.087       983040      1966080
        1920          512          58.174      1966080      3932160
        1920         1024         116.110      3932160      7864320
        1920         2048         231.028      7864320     15728640
        1920         4096         462.770     15728640     31457280
        1920         8192         921.965     31457280     62914560
        1920        16384        1842.976     62914560    125829120
        1920        32768        3683.090    125829120    251658240
        2048            1           2.146         4096         8192
        2048            2           1.907         8192        16384
        2048            4           1.907        16384        32768
        2048            8           2.861        32768        65536
        2048           16           4.053        65536       131072
        2048           32           3.815       131072       262144
        2048           64           5.960       262144       524288
        2048          128          10.014       524288      1048576
        2048          256          17.881      1048576      2097152
        2048          512          36.955      2097152      4194304
        2048         1024          71.049      4194304      8388608
        2048         2048         143.051      8388608     16777216
        2048         4096         280.142     16777216     33554432
        2048         8192         556.946     33554432     67108864
        2048        16384        1116.037     67108864    134217728
        2176            1           2.146         4352         8704
        2176            2           1.907         8704        17408
        2176            4           2.146        17408        34816
        2176            8           2.146        34816        69632
        2176           16           3.099        69632       139264
        2176           32           4.053       139264       278528
        2176           64           6.914       278528       557056
        2176          128          11.921       557056      1114112
        2176          256          22.888      1114112      2228224
        2176          512          45.061      2228224      4456448
        2176         1024          88.930      4456448      8912896
        2176         2048         175.953      8912896     17825792
        2176         4096         349.998     17825792     35651584
        2176         8192         702.143     35651584     71303168
        2176        16384        1399.994     71303168    142606336
        2304            1           0.954         4608         9216
        2304            2           2.146         9216        18432
        2304            4           2.146        18432        36864
        2304            8           2.861        36864        73728
        2304           16           2.861        73728       147456
        2304           32           3.815       147456       294912
        2304           64           6.914       294912       589824
        2304          128          12.159       589824      1179648
        2304          256          25.988      1179648      2359296
        2304          512          45.061      2359296      4718592
        2304         1024          88.930      4718592      9437184
        2304         2048         174.999      9437184     18874368
        2304         4096         347.853     18874368     37748736
        2304         8192         696.898     37748736     75497472
        2304        16384        1392.126     75497472    150994944
        2432            1           2.146         4864         9728
        2432            2           1.907         9728        19456
        2432            4           0.954        19456        38912
        2432            8           2.146        38912        77824
        2432           16           3.099        77824       155648
        2432           32           5.007       155648       311296
        2432           64           7.153       311296       622592
        2432          128          14.067       622592      1245184
        2432          256          25.988      1245184      2490368
        2432          512          51.022      2490368      4980736
        2432         1024         103.951      4980736      9961472
        2432         2048         198.841      9961472     19922944
        2432         4096         396.967     19922944     39845888
        2432         8192         795.126     39845888     79691776
        2432        16384        1586.914     79691776    159383552
        2560            1           0.954         5120        10240
        2560            2           1.907        10240        20480
        2560            4           2.146        20480        40960
        2560            8           2.861        40960        81920
        2560           16           2.861        81920       163840
        2560           32           5.007       163840       327680
        2560           64           7.868       327680       655360
        2560          128          13.828       655360      1310720
        2560          256          26.941      1310720      2621440
        2560          512          51.022      2621440      5242880
        2560         1024          99.897      5242880     10485760
        2560         2048         200.033     10485760     20971520
        2560         4096         396.967     20971520     41943040
        2560         8192         795.126     41943040     83886080
        2560        16384        1594.067     83886080    167772160
        2816            1           2.146         5632        11264
        2816            2           0.954        11264        22528
        2816            4           1.907        22528        45056
        2816            8           2.146        45056        90112
        2816           16           3.099        90112       180224
        2816           32           5.007       180224       360448
        2816           64           7.868       360448       720896
        2816          128          15.974       720896      1441792
        2816          256          30.041      1441792      2883584
        2816          512          59.128      2883584      5767168
        2816         1024         116.110      5767168     11534336
        2816         2048         230.074     11534336     23068672
        2816         4096         463.963     23068672     46137344
        2816         8192         917.912     46137344     92274688
        2816        16384        1839.876     92274688    184549376
        3072            1           1.907         6144        12288
        3072            2           0.954        12288        24576
        3072            4           1.907        24576        49152
        3072            8           2.861        49152        98304
        3072           16           2.861        98304       196608
        3072           32           5.007       196608       393216
        3072           64          10.014       393216       786432
        3072          128          16.928       786432      1572864
        3072          256          33.855      1572864      3145728
        3072          512          64.850      3145728      6291456
        3072         1024         128.984      6291456     12582912
        3072         2048         256.062     12582912     25165824
        3072         4096         513.077     25165824     50331648
        3072         8192        1023.054     50331648    100663296
        3072        16384        2042.055    100663296    201326592
        3328            1           1.907         6656        13312
        3328            2           2.146        13312        26624
        3328            4           1.907        26624        53248
        3328            8           2.861        53248       106496
        3328           16           4.053       106496       212992
        3328           32           5.960       212992       425984
        3328           64          10.967       425984       851968
        3328          128          20.027       851968      1703936
        3328          256          37.193      1703936      3407872
        3328          512          72.002      3407872      6815744
        3328         1024         142.097      6815744     13631488
        3328         2048         283.003     13631488     27262976
        3328         4096         567.913     27262976     54525952
        3328         8192        1129.866     54525952    109051904
        3328        16384        2257.824    109051904    218103808
        3584            1           1.907         7168        14336
        3584            2           2.146        14336        28672
        3584            4           3.099        28672        57344
        3584            8           3.099        57344       114688
        3584           16           4.053       114688       229376
        3584           32           5.960       229376       458752
        3584           64          10.967       458752       917504
        3584          128          20.027       917504      1835008
        3584          256          41.008      1835008      3670016
        3584          512          78.917      3670016      7340032
        3584         1024         159.979      7340032     14680064
        3584         2048         309.944     14680064     29360128
        3584         4096         617.981     29360128     58720256
        3584         8192        1243.114     58720256    117440512
        3584        16384        2481.937    117440512    234881024
        3840            1           1.907         7680        15360
        3840            2           1.907        15360        30720
        3840            4           2.146        30720        61440
        3840            8           1.907        61440       122880
        3840           16           4.053       122880       245760
        3840           32           6.914       245760       491520
        3840           64          11.921       491520       983040
        3840          128          22.173       983040      1966080
        3840          256          43.869      1966080      3932160
        3840          512          86.069      3932160      7864320
        3840         1024         173.092      7864320     15728640
        3840         2048         336.885     15728640     31457280
        3840         4096         677.109     31457280     62914560
        3840         8192        1347.065     62914560    125829120
        3840        16384        2698.183    125829120    251658240
        4224            1           1.907         8448        16896
        4224            2           0.954        16896        33792
        4224            4           2.146        33792        67584
        4224            8           2.146        67584       135168
        4224           16           4.053       135168       270336
        4224           32           5.960       270336       540672
        4224           64          10.967       540672      1081344
        4224          128          20.981      1081344      2162688
        4224          256          40.054      2162688      4325376
        4224          512          79.870      4325376      8650752
        4224         1024         156.879      8650752     17301504
        4224         2048         313.044     17301504     34603008
        4224         4096         627.041     34603008     69206016
        4224         8192        1249.075     69206016    138412032
        4608            1           2.146         9216        18432
        4608            2           1.907        18432        36864
        4608            4           1.907        36864        73728
        4608            8           1.907        73728       147456
        4608           16           4.053       147456       294912
        4608           32           7.153       294912       589824
        4608           64          10.967       589824      1179648
        4608          128          21.935      1179648      2359296
        4608          256          43.869      2359296      4718592
        4608          512          85.831      4718592      9437184
        4608         1024         171.900      9437184     18874368
        4608         2048         337.839     18874368     37748736
        4608         4096         676.870     37748736     75497472
        4608         8192        1365.900     75497472    150994944
        4992            1           1.907         9984        19968
        4992            2           2.146        19968        39936
        4992            4           3.099        39936        79872
        4992            8           2.861        79872       159744
        4992           16           4.053       159744       319488
        4992           32           7.868       319488       638976
        4992           64          12.875       638976      1277952
        4992          128          25.988      1277952      2555904
        4992          256          51.022      2555904      5111808
        4992          512          99.897      5111808     10223616
        4992         1024         198.126     10223616     20447232
        4992         2048         397.205     20447232     40894464
        4992         4096         787.973     40894464     81788928
        4992         8192        1573.086     81788928    163577856
        5376            1           2.146        10752        21504
        5376            2           0.954        21504        43008
        5376            4           1.907        43008        86016
        5376            8           2.861        86016       172032
        5376           16           5.007       172032       344064
        5376           32           7.868       344064       688128
        5376           64          13.828       688128      1376256
        5376          128          27.895      1376256      2752512
        5376          256          53.883      2752512      5505024
        5376          512         105.858      5505024     11010048
        5376         1024         213.861     11010048     22020096
        5376         2048         422.955     22020096     44040192
        5376         4096         843.048     44040192     88080384
        5376         8192        1681.805     88080384    176160768
        5888            1           0.954        11776        23552
        5888            2           1.907        23552        47104
        5888            4           2.146        47104        94208
        5888            8           3.099        94208       188416
        5888           16           5.007       188416       376832
        5888           32           9.060       376832       753664
        5888           64          15.974       753664      1507328
        5888          128          30.994      1507328      3014656
        5888          256          60.797      3014656      6029312
        5888          512         120.878      6029312     12058624
        5888         1024         237.942     12058624     24117248
        5888         2048         481.129     24117248     48234496
        5888         4096         946.045     48234496     96468992
        5888         8192        1897.097     96468992    192937984
        6400            1           2.146        12800        25600
        6400            2           2.146        25600        51200
        6400            4           1.907        51200       102400
        6400            8           2.861       102400       204800
        6400           16           5.007       204800       409600
        6400           32           9.060       409600       819200
        6400           64          15.974       819200      1638400
        6400          128          29.802      1638400      3276800
        6400          256          61.035      3276800      6553600
        6400          512         113.964      6553600     13107200
        6400         1024         226.974     13107200     26214400
        6400         2048         465.155     26214400     52428800
        6400         4096         903.130     52428800    104857600
        6400         8192        1808.167    104857600    209715200
        7040            1           2.146        14080        28160
        7040            2           3.099        28160        56320
        7040            4           2.861        56320       112640
        7040            8           4.053       112640       225280
        7040           16           5.960       225280       450560
        7040           32          10.014       450560       901120
        7040           64          17.881       901120      1802240
        7040          128          35.048      1802240      3604480
        7040          256          69.141      3604480      7208960
        7040          512         134.945      7208960     14417920
        7040         1024         278.950     14417920     28835840
        7040         2048         533.104     28835840     57671680
        7040         4096        1069.069     57671680    115343360
        7040         8192        2135.992    115343360    230686720
        7680            1           1.907        15360        30720
        7680            2           1.907        30720        61440
        7680            4           3.099        61440       122880
        7680            8           4.053       122880       245760
        7680           16           5.960       245760       491520
        7680           32          10.967       491520       983040
        7680           64          20.027       983040      1966080
        7680          128          41.008      1966080      3932160
        7680          256          74.863      3932160      7864320
        7680          512         147.820      7864320     15728640
        7680         1024         294.924     15728640     31457280
        7680         2048         590.086     31457280     62914560
        7680         4096        1174.927     62914560    125829120
        7680         8192        2348.900    125829120    251658240
        8448            1           3.099        16896        33792
        8448            2           2.146        33792        67584
        8448            4           3.099        67584       135168
        8448            8           4.053       135168       270336
        8448           16           5.960       270336       540672
        8448           32          11.206       540672      1081344
        8448           64          20.027      1081344      2162688
        8448          128          38.147      2162688      4325376
        8448          256          76.056      4325376      8650752
        8448          512         148.058      8650752     17301504
        8448         1024         298.023     17301504     34603008
        8448         2048         588.894     34603008     69206016
        8448         4096        1183.033     69206016    138412032
        9216            1           1.907        18432        36864
        9216            2           2.146        36864        73728
        9216            4           2.146        73728       147456
        9216            8           4.053       147456       294912
        9216           16           5.960       294912       589824
        9216           32          12.875       589824      1179648
        9216           64          21.935      1179648      2359296
        9216          128          43.869      2359296      4718592
        9216          256          85.115      4718592      9437184
        9216          512         168.800      9437184     18874368
        9216         1024         336.885     18874368     37748736
        9216         2048         679.016     37748736     75497472
        9216         4096        1368.046     75497472    150994944
       10112            1           3.099        20224        40448
       10112            2           2.146        40448        80896
       10112            4           4.053        80896       161792
       10112            8           5.007       161792       323584
       10112           16           7.153       323584       647168
       10112           32          14.067       647168      1294336
       10112           64          25.034      1294336      2588672
       10112          128          50.783      2588672      5177344
       10112          256         102.043      5177344     10354688
       10112          512         195.980     10354688     20709376
       10112         1024         391.006     20709376     41418752
       10112         2048         810.862     41418752     82837504
       10112         4096        1561.880     82837504    165675008
       11008            1           1.907        22016        44032
       11008            2           2.861        44032        88064
       11008            4           3.099        88064       176128
       11008            8           5.007       176128       352256
       11008           16           8.106       352256       704512
       11008           32          14.067       704512      1409024
       11008           64          25.988      1409024      2818048
       11008          128          51.022      2818048      5636096
       11008          256          98.944      5636096     11272192
       11008          512         196.934     11272192     22544384
       11008         1024         391.960     22544384     45088768
       11008         2048         787.020     45088768     90177536
       11008         4096        1572.847     90177536    180355072
       12032            1           1.907        24064        48128
       12032            2           2.146        48128        96256
       12032            4           3.099        96256       192512
       12032            8          19.073       192512       385024
       12032           16           9.060       385024       770048
       12032           32          15.974       770048      1540096
       12032           64          29.087      1540096      3080192
       12032          128          57.936      3080192      6160384
       12032          256         113.010      6160384     12320768
       12032          512         225.067     12320768     24641536
       12032         1024         448.942     24641536     49283072
       12032         2048         895.023     49283072     98566144
       12032         4096        1785.040     98566144    197132288
       13184            1           1.907        26368        52736
       13184            2           3.099        52736       105472
       13184            4           4.053       105472       210944
       13184            8           5.007       210944       421888
       13184           16          10.014       421888       843776
       13184           32          17.166       843776      1687552
       13184           64          30.994      1687552      3375104
       13184          128          61.035      3375104      6750208
       13184          256         123.024      6750208     13500416
       13184          512         237.942     13500416     27000832
       13184         1024         474.930     27000832     54001664
       13184         2048         951.052     54001664    108003328
       13184         4096        1903.057    108003328    216006656
       14464            1           1.907        28928        57856
       14464            2           3.099        57856       115712
       14464            4           4.053       115712       231424
       14464            8           5.007       231424       462848
       14464           16           8.821       462848       925696
       14464           32          16.928       925696      1851392
       14464           64          32.902      1851392      3702784
       14464          128          65.088      3702784      7405568
       14464          256         128.031      7405568     14811136
       14464          512         257.015     14811136     29622272
       14464         1024         504.017     29622272     59244544
       14464         2048        1012.087     59244544    118489088
       14464         4096        2018.929    118489088    236978176
       15872            1           2.146        31744        63488
       15872            2           3.099        63488       126976
       15872            4           4.053       126976       253952
       15872            8           6.199       253952       507904
       15872           16          10.967       507904      1015808
       15872           32          20.027      1015808      2031616
       15872           64          37.909      2031616      4063232
       15872          128          72.956      4063232      8126464
       15872          256         149.012      8126464     16252928
       15872          512         287.056     16252928     32505856
       15872         1024         571.966     32505856     65011712
       15872         2048        1147.985     65011712    130023424
       15872         4096        2286.911    130023424    260046848
       17408            1           3.099        34816        69632
       17408            2           3.099        69632       139264
       17408            4           4.053       139264       278528
       17408            8           7.153       278528       557056
       17408           16          10.967       557056      1114112
       17408           32          20.981      1114112      2228224
       17408           64          40.054      2228224      4456448
       17408          128          77.963      4456448      8912896
       17408          256         154.972      8912896     17825792
       17408          512         311.136     17825792     35651584
       17408         1024         613.928     35651584     71303168
       17408         2048        1229.048     71303168    142606336
       19072            1           2.861        38144        76288
       19072            2           2.861        76288       152576
       19072            4           3.815       152576       305152
       19072            8           5.960       305152       610304
       19072           16          12.159       610304      1220608
       19072           32          23.127      1220608      2441216
       19072           64          46.015      2441216      4882432
       19072          128          85.115      4882432      9764864
       19072          256         169.039      9764864     19529728
       19072          512         336.170     19529728     39059456
       19072         1024        1759.052     39059456     78118912
       19072         2048        1343.012     78118912    156237824
       20864            1           1.907        41728        83456
       20864            2           2.861        83456       166912
       20864            4           5.007       166912       333824
       20864            8           7.868       333824       667648
       20864           16          12.875       667648      1335296
       20864           32          24.796      1335296      2670592
       20864           64          46.968      2670592      5341184
       20864          128         102.043      5341184     10682368
       20864          256         184.774     10682368     21364736
       20864          512         362.873     21364736     42729472
       20864         1024         730.991     42729472     85458944
       20864         2048        1450.062     85458944    170917888
       22912            1           2.146        45824        91648
       22912            2           3.099        91648       183296
       22912            4           5.007       183296       366592
       22912            8           7.153       366592       733184
       22912           16          15.020       733184      1466368
       22912           32          26.941      1466368      2932736
       22912           64          51.022      2932736      5865472
       22912          128         101.089      5865472     11730944
       22912          256         203.133     11730944     23461888
       22912          512         397.921     23461888     46923776
       22912         1024         798.941     46923776     93847552
       22912         2048        1588.106     93847552    187695104
       25088            1           1.907        50176       100352
       25088            2           4.053       100352       200704
       25088            4           5.007       200704       401408
       25088            8           9.060       401408       802816
       25088           16          15.020       802816      1605632
       25088           32          29.087      1605632      3211264
       25088           64          59.128      3211264      6422528
       25088          128         110.149      6422528     12845056
       25088          256         216.007     12845056     25690112
       25088          512         432.968     25690112     51380224
       25088         1024         867.128     51380224    102760448
       25088         2048        1730.919    102760448    205520896
       27520            1           2.861        55040       110080
       27520            2           3.815       110080       220160
       27520            4           5.007       220160       440320
       27520            8           9.060       440320       880640
       27520           16          15.974       880640      1761280
       27520           32          30.994      1761280      3522560
       27520           64          61.035      3522560      7045120
       27520          128         121.832      7045120     14090240
       27520          256         241.995     14090240     28180480
       27520          512         484.943     28180480     56360960
       27520         1024         963.926     56360960    112721920
       27520         2048        1928.091    112721920    225443840
       30208            1           3.099        60416       120832
       30208            2           3.099       120832       241664
       30208            4           6.199       241664       483328
       30208            8          10.014       483328       966656
       30208           16          18.120       966656      1933312
       30208           32          34.094      1933312      3866624
       30208           64          67.949      3866624      7733248
       30208          128         133.991      7733248     15466496
       30208          256         264.883     15466496     30932992
       30208          512         532.866     30932992     61865984
       30208         1024        1061.916     61865984    123731968
       30208         2048        2122.879    123731968    247463936
       33152            1           4.053        66304       132608
       33152            2           3.815       132608       265216
       33152            4           5.960       265216       530432
       33152            8          10.967       530432      1060864
       33152           16          19.073      1060864      2121728
       33152           32          38.147      2121728      4243456
       33152           64          72.956      4243456      8486912
       33152          128         144.005      8486912     16973824
       33152          256         290.871     16973824     33947648
       33152          512         571.012     33947648     67895296
       33152         1024        1142.025     67895296    135790592
       36352            1           3.099        72704       145408
       36352            2           4.053       145408       290816
       36352            4           5.960       290816       581632
       36352            8          10.967       581632      1163264
       36352           16          21.935      1163264      2326528
       36352           32          49.114      2326528      4653056
       36352           64          81.062      4653056      9306112
       36352          128         159.025      9306112     18612224
       36352          256         316.858     18612224     37224448
       36352          512         637.054     37224448     74448896
       36352         1024        1269.102     74448896    148897792
       39936            1           3.099        79872       159744
       39936            2           5.007       159744       319488
       39936            4           6.914       319488       638976
       39936            8          12.875       638976      1277952
       39936           16          23.127      1277952      2555904
       39936           32          45.061      2555904      5111808
       39936           64          87.976      5111808     10223616
       39936          128         174.046     10223616     20447232
       39936          256         353.098     20447232     40894464
       39936          512         689.030     40894464     81788928
       39936         1024        1382.828     81788928    163577856
       43904            1           2.861        87808       175616
       43904            2           5.007       175616       351232
       43904            4           8.106       351232       702464
       43904            8          13.113       702464      1404928
       43904           16          25.034      1404928      2809856
       43904           32          49.114      2809856      5619712
       43904           64          96.083      5619712     11239424
       43904          128         190.973     11239424     22478848
       43904          256         386.953     22478848     44957696
       43904          512         758.171     44957696     89915392
       43904         1024        1520.157     89915392    179830784
       48256            1           4.053        96512       193024
       48256            2           5.007       193024       386048
       48256            4           8.106       386048       772096
       48256            8          15.020       772096      1544192
       48256           16          28.133      1544192      3088384
       48256           32          53.883      3088384      6176768
       48256           64         105.858      6176768     12353536
       48256          128         210.047     12353536     24707072
       48256          256         422.955     24707072     49414144
       48256          512         837.803     49414144     98828288
       48256         1024        1672.029     98828288    197656576
       52992            1           3.099       105984       211968
       52992            2           5.007       211968       423936
       52992            4           9.060       423936       847872
       52992            8          15.974       847872      1695744
       52992           16          30.041      1695744      3391488
       52992           32          58.889      3391488      6782976
       52992           64         119.925      6782976     13565952
       52992          128         231.028     13565952     27131904
       52992          256         458.002     27131904     54263808
       52992          512         920.057     54263808    108527616
       52992         1024        1854.181    108527616    217055232
       58240            1           3.099       116480       232960
       58240            2           5.007       232960       465920
       58240            4           8.821       465920       931840
       58240            8          16.928       931840      1863680
       58240           16          33.140      1863680      3727360
       58240           32          64.135      3727360      7454720
       58240           64         126.123      7454720     14909440
       58240          128         252.962     14909440     29818880
       58240          256         500.917     29818880     59637760
       58240          512        1005.173     59637760    119275520
       58240         1024        2002.954    119275520    238551040
       64000            1           2.861       128000       256000
       64000            2           5.960       256000       512000
       64000            4          10.014       512000      1024000
       64000            8          18.835      1024000      2048000
       64000           16          36.001      2048000      4096000
       64000           32          70.095      4096000      8192000
       64000           64         138.998      8192000     16384000
       64000          128         277.042     16384000     32768000
       64000          256         545.979     32768000     65536000
       64000          512        1092.911     65536000    131072000
       64000         1024        2182.961    131072000    262144000
       70400            1           4.053       140800       281600
       70400            2           7.153       281600       563200
       70400            4          10.967       563200      1126400
       70400            8          20.981      1126400      2252800
       70400           16          41.962      2252800      4505600
       70400           32          76.056      4505600      9011200
       70400           64         151.873      9011200     18022400
       70400          128         301.123     18022400     36044800
       70400          256         605.106     36044800     72089600
       70400          512        1206.160     72089600    144179200
       77440            1           4.053       154880       309760
       77440            2           6.199       309760       619520
       77440            4          11.921       619520      1239040
       77440            8          22.888      1239040      2478080
       77440           16          44.107      2478080      4956160
       77440           32          85.115      4956160      9912320
       77440           64         168.085      9912320     19824640
       77440          128         339.985     19824640     39649280
       77440          256         666.857     39649280     79298560
       77440          512        1339.912     79298560    158597120
       85120            1           5.007       170240       340480
       85120            2           7.868       340480       680960
       85120            4          13.113       680960      1361920
       85120            8          24.080      1361920      2723840
       85120           16          48.161      2723840      5447680
       85120           32          92.030      5447680     10895360
       85120           64         183.821     10895360     21790720
       85120          128         365.973     21790720     43581440
       85120          256         735.998     43581440     87162880
       85120          512        1463.890     87162880    174325760
       93568            1           4.768       187136       374272
       93568            2           7.868       374272       748544
       93568            4          13.828       748544      1497088
       93568            8          26.941      1497088      2994176
       93568           16          51.975      2994176      5988352
       93568           32         102.043      5988352     11976704
       93568           64         201.941     11976704     23953408
       93568          128         401.974     23953408     47906816
       93568          256         805.140     47906816     95813632
       93568          512        1610.041     95813632    191627264
      102912            1           5.007       205824       411648
      102912            2           8.821       411648       823296
      102912            4          15.974       823296      1646592
      102912            8          29.087      1646592      3293184
      102912           16          56.028      3293184      6586368
      102912           32         110.865      6586368     13172736
      102912           64         219.822     13172736     26345472
      102912          128         441.074     26345472     52690944
      102912          256         879.049     52690944    105381888
      102912          512        1749.039    105381888    210763776
      113152            1           5.960       226304       452608
      113152            2           9.060       452608       905216
      113152            4          17.166       905216      1810432
      113152            8          30.994      1810432      3620864
      113152           16          62.227      3620864      7241728
      113152           32         123.978      7241728     14483456
      113152           64         241.041     14483456     28966912
      113152          128         482.082     28966912     57933824
      113152          256         965.118     57933824    115867648
      113152          512        1924.992    115867648    231735296
      124416            1           5.007       248832       497664
      124416            2          10.014       497664       995328
      124416            4          19.073       995328      1990656
      124416            8          35.048      1990656      3981312
      124416           16          67.949      3981312      7962624
      124416           32         138.044      7962624     15925248
      124416           64         265.837     15925248     31850496
      124416          128         530.958     31850496     63700992
      124416          256        1063.824     63700992    127401984
      124416          512        2129.078    127401984    254803968
      136832            1           5.960       273664       547328
      136832            2          10.014       547328      1094656
      136832            4          19.073      1094656      2189312
      136832            8          38.147      2189312      4378624
      136832           16          75.102      4378624      8757248
      136832           32         148.058      8757248     17514496
      136832           64         293.970     17514496     35028992
      136832          128         587.940     35028992     70057984
      136832          256        1176.119     70057984    140115968
      150400            1           5.960       300800       601600
      150400            2          10.967       601600      1203200
      150400            4          22.173      1203200      2406400
      150400            8          41.962      2406400      4812800
      150400           16          82.016      4812800      9625600
      150400           32         160.933      9625600     19251200
      150400           64         324.011     19251200     38502400
      150400          128         640.869     38502400     77004800
      150400          256        1281.023     77004800    154009600
      165376            1           8.106       330752       661504
      165376            2          15.974       661504      1323008
      165376            4          24.080      1323008      2646016
      165376            8          45.776      2646016      5292032
      165376           16          88.930      5292032     10584064
      165376           32         177.860     10584064     21168128
      165376           64         353.813     21168128     42336256
      165376          128         707.865     42336256     84672512
      165376          256        1441.956     84672512    169345024
      181888            1           8.106       363776       727552
      181888            2          14.067       727552      1455104
      181888            4          27.180      1455104      2910208
      181888            8          50.068      2910208      5820416
      181888           16         102.043      5820416     11640832
      181888           32         195.026     11640832     23281664
      181888           64         389.099     23281664     46563328
      181888          128         777.960     46563328     93126656
      181888          256        1570.940     93126656    186253312
      200064            1           7.868       400128       800256
      200064            2          14.782       800256      1600512
      200064            4          28.133      1600512      3201024
      200064            8          54.121      3201024      6402048
      200064           16         108.957      6402048     12804096
      200064           32         213.861     12804096     25608192
      200064           64         427.008     25608192     51216384
      200064          128         854.015     51216384    102432768
      200064          256        1706.839    102432768    204865536
      220032            1           9.060       440064       880128
      220032            2          15.974       880128      1760256
      220032            4          30.994      1760256      3520512
      220032            8          60.081      3520512      7041024
      220032           16         118.971      7041024     14082048
      220032           32         233.889     14082048     28164096
      220032           64         471.830     28164096     56328192
      220032          128         957.966     56328192    112656384
      220032          256        1873.970    112656384    225312768
      241920            1          10.014       483840       967680
      241920            2          17.166       967680      1935360
      241920            4          34.094      1935360      3870720
      241920            8          66.042      3870720      7741440
      241920           16         128.984      7741440     15482880
      241920           32         257.015     15482880     30965760
      241920           64         515.938     30965760     61931520
      241920          128        1029.015     61931520    123863040
      241920          256        2053.022    123863040    247726080
      266112            1          10.967       532224      1064448
      266112            2          19.073      1064448      2128896
      266112            4          38.147      2128896      4257792
      266112            8          72.002      4257792      8515584
      266112           16         143.051      8515584     17031168
      266112           32         284.910     17031168     34062336
      266112           64         570.059     34062336     68124672
      266112          128        2007.008     68124672    136249344
      292608            1          11.921       585216      1170432
      292608            2          21.935      1170432      2340864
      292608            4          41.008      2340864      4681728
      292608            8          79.870      4681728      9363456
      292608           16         157.833      9363456     18726912
      292608           32         314.951     18726912     37453824
      292608           64         621.796     37453824     74907648
      292608          128        1249.075     74907648    149815296
      321792            1          13.113       643584      1287168
      321792            2          23.127      1287168      2574336
      321792            4          44.107      2574336      5148672
      321792            8          87.023      5148672     10297344
      321792           16         171.900     10297344     20594688
      321792           32         342.131     20594688     41189376
      321792           64         684.977     41189376     82378752
      321792          128        1365.900     82378752    164757504
      353920            1          15.020       707840      1415680
      353920            2          25.988      1415680      2831360
      353920            4          49.114      2831360      5662720
      353920            8         106.096      5662720     11325440
      353920           16         189.066     11325440     22650880
      353920           32         460.148     22650880     45301760
      353920           64         780.821     45301760     90603520
      353920          128        1513.004     90603520    181207040
      389248            1          15.020       778496      1556992
      389248            2          27.895      1556992      3113984
      389248            4          54.121      3113984      6227968
      389248            8         105.143      6227968     12455936
      389248           16         208.139     12455936     24911872
      389248           32         416.994     24911872     49823744
      389248           64         831.842     49823744     99647488
      389248          128        1653.910     99647488    199294976
      428160            1          17.881       856320      1712640
      428160            2          30.041      1712640      3425280
      428160            4          58.889      3425280      6850560
      428160            8         115.871      6850560     13701120
      428160           16         236.988     13701120     27402240
      428160           32         455.141     27402240     54804480
      428160           64         913.143     54804480    109608960
      428160          128        1821.995    109608960    219217920
      470912            1          18.835       941824      1883648
      470912            2          33.855      1883648      3767296
      470912            4          63.896      3767296      7534592
      470912            8         127.792      7534592     15069184
      470912           16         252.008     15069184     30138368
      470912           32         511.169     30138368     60276736
      470912           64        1003.981     60276736    120553472
      470912          128        2708.197    120553472    241106944
      517888            1          20.981      1035776      2071552
      517888            2          36.001      2071552      4143104
      517888            4          70.810      4143104      8286208
      517888            8         138.998      8286208     16572416
      517888           16         275.850     16572416     33144832
      517888           32         556.946     33144832     66289664
      517888           64        1101.971     66289664    132579328
      569600            1          22.173      1139200      2278400
      569600            2          40.054      2278400      4556800
      569600            4          77.963      4556800      9113600
      569600            8         151.873      9113600     18227200
      569600           16         303.030     18227200     36454400
      569600           32         616.074     36454400     72908800
      569600           64        1213.074     72908800    145817600
      626560            1          23.842      1253120      2506240
      626560            2          42.915      2506240      5012480
      626560            4          84.877      5012480     10024960
      626560            8         174.046     10024960     20049920
      626560           16         334.024     20049920     40099840
      626560           32         672.817     40099840     80199680
      626560           64        1333.952     80199680    160399360
      689152            1          27.180      1378304      2756608
      689152            2          46.968      2756608      5513216
      689152            4          92.983      5513216     11026432
      689152            8         185.013     11026432     22052864
      689152           16         370.026     22052864     44105728
      689152           32         730.991     44105728     88211456
      689152           64        1471.043     88211456    176422912
      758016            1          29.087      1516032      3032064
      758016            2          51.975      3032064      6064128
      758016            4         101.805      6064128     12128256
      758016            8         201.941     12128256     24256512
      758016           16         407.934     24256512     48513024
      758016           32         811.100     48513024     97026048
      758016           64        2336.025     97026048    194052096
      833792            1          82.970      1667584      3335168
      833792            2          65.088      3335168      6670336
      833792            4         112.057      6670336     13340672
      833792            8         221.968     13340672     26681344
      833792           16         442.028     26681344     53362688
      833792           32         886.917     53362688    106725376
      833792           64        1776.934    106725376    213450752
      917120            1          36.955      1834240      3668480
      917120            2          62.943      3668480      7336960
      917120            4         123.978      7336960     14673920
      917120            8         244.856     14673920     29347840
      917120           16         490.904     29347840     58695680
      917120           32         977.993     58695680    117391360
      917120           64        1952.171    117391360    234782720
     1008768            1          40.054      2017536      4035072
     1008768            2          68.903      4035072      8070144
     1008768            4         135.899      8070144     16140288
     1008768            8         268.936     16140288     32280576
     1008768           16         539.780     32280576     64561152
     1008768           32        1075.983     64561152    129122304
     1008768           64        2149.105    129122304    258244608
     1109632            1          42.915      2219264      4438528
     1109632            2          76.056      4438528      8877056
     1109632            4         148.773      8877056     17754112
     1109632            8        1380.920     17754112     35508224
     1109632           16         588.894     35508224     71016448
     1109632           32        1190.901     71016448    142032896
     1220480            1          47.922      2440960      4881920
     1220480            2          82.970      4881920      9763840
     1220480            4         164.032      9763840     19527680
     1220480            8         324.965     19527680     39055360
     1220480           16         653.982     39055360     78110720
     1220480           32        1296.997     78110720    156221440
     1342464            1          51.975      2684928      5369856
     1342464            2          91.076      5369856     10739712
     1342464            4         185.013     10739712     21479424
     1342464            8         361.919     21479424     42958848
     1342464           16         719.786     42958848     85917696
     1342464           32        1425.982     85917696    171835392
     1476608            1          59.128      2953216      5906432
     1476608            2         100.136      5906432     11812864
     1476608            4         198.126     11812864     23625728
     1476608            8         396.013     23625728     47251456
     1476608           16         787.973     47251456     94502912
     1476608           32        1565.933     94502912    189005824
     1624192            1          61.989      3248384      6496768
     1624192            2         109.911      6496768     12993536
     1624192            4         226.021     12993536     25987072
     1624192            8         432.014     25987072     51974144
     1624192           16         865.936     51974144    103948288
     1624192           32        3491.879    103948288    207896576
     1786496            1          68.903      3572992      7145984
     1786496            2         127.077      7145984     14291968
     1786496            4         236.988     14291968     28583936
     1786496            8         473.976     28583936     57167872
     1786496           16         952.005     57167872    114335744
     1786496           32        1899.958    114335744    228671488
     1965056            1          76.771      3930112      7860224
     1965056            2         131.130      7860224     15720448
     1965056            4         266.075     15720448     31440896
     1965056            8         522.137     31440896     62881792
     1965056           16        1044.035     62881792    125763584
     1965056           32        2087.831    125763584    251527168
     2161536            1          83.923      4323072      8646144
     2161536            2         152.111      8646144     17292288
     2161536            4         288.010     17292288     34584576
     2161536            8         572.920     34584576     69169152
     2161536           16        1248.121     69169152    138338304
     2377600            1          91.076      4755200      9510400
     2377600            2         159.025      9510400     19020800
     2377600            4         316.858     19020800     38041600
     2377600            8         634.909     38041600     76083200
     2377600           16        1268.148     76083200    152166400
     2615296            1         102.043      5230592     10461184
     2615296            2         176.191     10461184     20922368
     2615296            4         351.906     20922368     41844736
     2615296            8         699.043     41844736     83689472
     2615296           16        1389.980     83689472    167378944
     2876800            1         109.911      5753600     11507200
     2876800            2         192.165     11507200     23014400
     2876800            4         386.953     23014400     46028800
     2876800            8         761.986     46028800     92057600
     2876800           16        1528.978     92057600    184115200
     3164416            1         121.117      6328832     12657664
     3164416            2         211.000     12657664     25315328
     3164416            4         422.955     25315328     50630656
     3164416            8         841.856     50630656    101261312
     3164416           16        1677.990    101261312    202522624
     3480832            1         131.845      6961664     13923328
     3480832            2         356.913     13923328     27846656
     3480832            4         605.106     27846656     55693312
     3480832            8         927.925     55693312    111386624
     3480832           16        1850.843    111386624    222773248
     3828864            1         148.058      7657728     15315456
     3828864            2         262.022     15315456     30630912
     3828864            4         507.832     30630912     61261824
     3828864            8        1019.001     61261824    122523648
     3828864           16        2032.995    122523648    245047296
     4211712            1         159.979      8423424     16846848
     4211712            2         289.917     16846848     33693696
     4211712            4         558.138     33693696     67387392
     4211712            8        1120.090     67387392    134774784
     4632832            1         180.960      9265664     18531328
     4632832            2         308.037     18531328     37062656
     4632832            4         613.928     37062656     74125312
     4632832            8        1238.823     74125312    148250624
     5096064            1         195.026     10192128     20384256
     5096064            2         339.031     20384256     40768512
     5096064            4         728.846     40768512     81537024
     5096064            8        1353.979     81537024    163074048
     5605632            1         216.007     11211264     22422528
     5605632            2         372.171     22422528     44845056
     5605632            4         746.012     44845056     89690112
     5605632            8        1488.924     89690112    179380224
     6166144            1         231.981     12332288     24664576
     6166144            2         414.133     24664576     49329152
     6166144            4         826.120     49329152     98658304
     6166144            8        1636.028     98658304    197316608
     6782720            1         262.976     13565440     27130880
     6782720            2         450.134     27130880     54261760
     6782720            4         907.183     54261760    108523520
     6782720            8        1809.120    108523520    217047040
     7460992            1         280.142     14921984     29843968
     7460992            2         502.110     29843968     59687936
     7460992            4         991.821     59687936    119375872
     7460992            8        2397.060    119375872    238751744
     8206976            1         308.990     16413952     32827904
     8206976            2         548.840     32827904     65655808
     8206976            4        1095.057     65655808    131311616
     9027584            1         338.078     18055168     36110336
     9027584            2         603.199     36110336     72220672
     9027584            4        1227.140     72220672    144441344
     9930240            1         370.026     19860480     39720960
     9930240            2         664.949     39720960     79441920
     9930240            4        1319.170     79441920    158883840
    10923264            1         411.987     21846528     43693056
    10923264            2         730.038     43693056     87386112
    10923264            4        1450.062     87386112    174772224
    12015488            1         452.995     24030976     48061952
    12015488            2         800.133     48061952     96123904
    12015488            4        1602.173     96123904    192247808
    13217024            1         497.103     26434048     52868096
    13217024            2         878.811     52868096    105736192
    13217024            4        1764.059    105736192    211472384
    14538624            1         549.078     29077248     58154496
    14538624            2         966.787     58154496    116308992
    14538624            4        1929.045    116308992    232617984
    15992448            1         602.007     31984896     63969792
    15992448            2        1063.108     63969792    127939584
    15992448            4        2126.932    127939584    255879168
    17591680            1         665.903     35183360     70366720
    17591680            2        1170.874     70366720    140733440
    19350784            1         736.952     38701568     77403136
    19350784            2        1288.176     77403136    154806272
    21285760            1         816.107     42571520     85143040
    21285760            2        1414.061     85143040    170286080
    23414272            1         905.991     46828544     93657088
    23414272            2        1557.827     93657088    187314176
    25755648            1         977.993     51511296    103022592
    25755648            2        1716.852    103022592    206045184
    28331136            1        1069.069     56662272    113324544
    28331136            2        1882.076    113324544    226649088
    31164160            1        1177.073     62328320    124656640
    31164160            2        2068.996    124656640    249313280
    34280576            1        1266.003     68561152    137122304
    37708544            1        1376.867     75417088    150834176
    41479296            1        1540.899     82958592    165917184
    45627136            1        1749.992     91254272    182508544
    50189824            1        2290.964    100379648    200759296
    55208704            1        3706.932    110417408    220834816
    60729472            1        5079.985    121458944    242917888

META_DATA
FLOPS          32
OPENMP_THREADS 16
ERT_VERSION  1.1.0
TIMESTAMP_DATA  1554494145.87
HOSTNAME  ('marianas.pnl.gov', [], ['130.20.68.57'])
UNAME  ('Linux', 'marianas.pnl.gov', '3.10.0-514.21.1.el7.x86_64', '#1 SMP Thu May 25 17:04:51 UTC 2017', 'x86_64', 'x86_64')
CONFIG  {'ERT_WORKING_SET_MIN': ['1'], 'ERT_CFLAGS': ['-O3', '-msse3', '-axSSE3', '-xSSE3', '-fno-alias', '-fno-fnalias', '-DERT_INTEL'], 'ERT_CC': ['icc'], 'ERT_OPENMP_LDFLAGS': ['-qopenmp'], 'ERT_MEMORY_MAX': ['65558828'], 'ERT_LDFLAGS': [], 'ERT_LDLIBS': [], 'ERT_RUN': ['export', 'KMP_AFFINITY=scatter;', 'export', 'OMP_NUM_THREADS=ERT_OPENMP_THREADS;', 'ERT_CODE'], 'ERT_FLOPS': ['32'], 'ERT_OPENMP_CFLAGS': ['-qopenmp'], 'ERT_MPI': [False], 'ERT_TRIALS_MIN': ['1'], 'ERT_DRIVER': ['driver1'], 'ERT_RESULTS': ['marianas_omp'], 'ERT_OPENMP': ['True'], 'ERT_OPENMP_THREADS': ['16'], 'ERT_KERNEL': ['kernel1'], 'ERT_GPU': [False], 'ERT_LD': ['icc'], 'ERT_NUM_EXPERIMENTS': ['5'], 'ERT_ALIGN': ['32'], 'ERT_GNUPLOT': ['gnuplot']}
