intput_path: ../new-timing-results/new-timing-results-wingtip-bigmem2/
plot_tensors: graph
ang_pattern: 0
machine_name: wingtip-bigmem2
tk: 56
theo_gflops: 1971.00, theo_mem_bw: 188.00, theo_cache_bw: 1540.00
tensors:
['3D_irregular_small', '3D_irregular_medium', '3D_irregular_large', '3D_regular_small', '3D_regular_medium', '3D_regular_large', '4D_irregular_small', '4D_irregular_medium', '4D_irregular_large', '4D_regular_small', '4D_regular_medium', '4D_regular_large', '4D_i_small', '4D_i_medium', '4D_i_large']

nnzs:
[1035778, 10226538, 84641928, 1041203, 11493113, 94924502, 998596, 10768032, 99661254, 1017878, 11291610, 110411969, 1648952, 19557136, 109190592]
nfibs:
[288135.0, 1741981.6666666667, 10091807.888888888, 7736819.666666667, 7709990.933333334, 16931819.444444444, 13946281.818181818, 12636372.384615384, 17644085.1, 15658420.588235294, 14908131.684210526, 21401804.14285714, 19583938.608695652, 18455575.24, 19267420.48148148]
nbs:
[10001, 77404, 994008, 927717, 11352731, 94653416, 11132, 147230, 880706, 762538, 11276956, 110335374, 124, 1356, 8496]
nnzbs:
[103, 132, 85, 1, 1, 1, 89, 73, 113, 1, 1, 1, 13298, 14422, 12852]

get_tew_data
num_flops:
[1035778, 10226538, 84641928, 1041203, 11493113, 94924502, 998596, 10768032, 99661254, 1017878, 11291610, 110411969, 1648952, 19557136, 109190592]
num_bytes_coo:
[12429336, 122718456, 1015703136, 12494436, 137917356, 1139094024, 11983152, 129216384, 1195935048, 12214536, 135499320, 1324943628, 19787424, 234685632, 1310287104]
num_bytes_hicoo:
[12429336, 122718456, 1015703136, 12494436, 137917356, 1139094024, 11983152, 129216384, 1195935048, 12214536, 135499320, 1324943628, 19787424, 234685632, 1310287104]

times_coo:
0.0034, 0.0010, 0.0113, 0.0002, 0.0013, 0.0127, 0.0037, 0.0011, 0.0130, 0.0017, 0.0012, 0.0136, 0.0039, 0.0025, 0.0146, 
times_hicoo:
0.0000, 0.0006, 0.0105, 0.0000, 0.0008, 0.0114, 0.0000, 0.0007, 0.0120, 0.0000, 0.0007, 0.0128, 0.0000, 0.0022, 0.0134, 

gbytes_coo:
3.6588, 119.8979, 90.1306, 56.0367, 108.8994, 89.9036, 3.2598, 120.7507, 92.0077, 7.0110, 111.1679, 97.2924, 5.0820, 94.7470, 89.5435, 
gbytes_hicoo:
297.2743, 219.0338, 96.6383, 316.0236, 168.8985, 99.6135, 378.3994, 189.5262, 99.7117, 341.7514, 185.0798, 103.2924, 436.0865, 104.9458, 97.4215, 

oi_coo:
0.0833, 0.0833, 0.0833, 0.0833, 0.0833, 0.0833, 0.0833, 0.0833, 0.0833, 0.0833, 0.0833, 0.0833, 0.0833, 0.0833, 0.0833, 
oi_hicoo:
0.0833, 0.0833, 0.0833, 0.0833, 0.0833, 0.0833, 0.0833, 0.0833, 0.0833, 0.0833, 0.0833, 0.0833, 0.0833, 0.0833, 0.0833, 

gflops_coo:
0.30, 9.99, 7.51, 4.67, 9.07, 7.49, 0.27, 10.06, 7.67, 0.58, 9.26, 8.11, 0.42, 7.90, 7.46, 
gflops_hicoo:
24.77, 18.25, 8.05, 26.34, 14.07, 8.30, 31.53, 15.79, 8.31, 28.48, 15.42, 8.61, 36.34, 8.75, 8.12, 

predicted_gflops_mem_coo:
15.6667, 15.6667, 15.6667, 15.6667, 15.6667, 15.6667, 15.6667, 15.6667, 15.6667, 15.6667, 15.6667, 15.6667, 15.6667, 15.6667, 15.6667, 
predicted_gflops_mem_hicoo:
15.6667, 15.6667, 15.6667, 15.6667, 15.6667, 15.6667, 15.6667, 15.6667, 15.6667, 15.6667, 15.6667, 15.6667, 15.6667, 15.6667, 15.6667, 

predicted_gflops_cache_coo:
128.3333, 128.3333, 128.3333, 128.3333, 128.3333, 128.3333, 128.3333, 128.3333, 128.3333, 128.3333, 128.3333, 128.3333, 128.3333, 128.3333, 128.3333, 
predicted_gflops_cache_hicoo:
128.3333, 128.3333, 128.3333, 128.3333, 128.3333, 128.3333, 128.3333, 128.3333, 128.3333, 128.3333, 128.3333, 128.3333, 128.3333, 128.3333, 128.3333, 


get_ts_data
num_flops:
[1035778, 10226538, 84641928, 1041203, 11493113, 94924502, 998596, 10768032, 99661254, 1017878, 11291610, 110411969, 1648952, 19557136, 109190592]
num_bytes_coo:
[12429336, 122718456, 1015703136, 12494436, 137917356, 1139094024, 11983152, 129216384, 1195935048, 12214536, 135499320, 1324943628, 19787424, 234685632, 1310287104]
num_bytes_hicoo:
[12429336, 122718456, 1015703136, 12494436, 137917356, 1139094024, 11983152, 129216384, 1195935048, 12214536, 135499320, 1324943628, 19787424, 234685632, 1310287104]

times_coo:
0.0002, 0.0018, 0.0044, 0.0035, 0.0008, 0.0048, 0.0037, 0.0007, 0.0053, 0.0038, 0.0008, 0.0063, 0.0031, 0.0011, 0.0061, 
times_hicoo:
0.0000, 0.0001, 0.0043, 0.0000, 0.0001, 0.0049, 0.0000, 0.0001, 0.0051, 0.0000, 0.0001, 0.0058, 0.0000, 0.0003, 0.0057, 

gbytes_coo:
53.1134, 69.1267, 231.3585, 3.5705, 181.5788, 236.0104, 3.2027, 173.4077, 226.2515, 3.2195, 180.2543, 211.6956, 6.4498, 217.2904, 213.5873, 
gbytes_hicoo:
400.7240, 1395.0828, 236.5933, 393.9723, 1558.8744, 232.4243, 395.0351, 1325.1087, 232.5844, 374.7204, 1608.3349, 227.9563, 524.1091, 930.2497, 231.2757, 

oi_coo:
0.0833, 0.0833, 0.0833, 0.0833, 0.0833, 0.0833, 0.0833, 0.0833, 0.0833, 0.0833, 0.0833, 0.0833, 0.0833, 0.0833, 0.0833, 
oi_hicoo:
0.0833, 0.0833, 0.0833, 0.0833, 0.0833, 0.0833, 0.0833, 0.0833, 0.0833, 0.0833, 0.0833, 0.0833, 0.0833, 0.0833, 0.0833, 

gflops_coo:
4.43, 5.76, 19.28, 0.30, 15.13, 19.67, 0.27, 14.45, 18.85, 0.27, 15.02, 17.64, 0.54, 18.11, 17.80, 
gflops_hicoo:
33.39, 116.26, 19.72, 32.83, 129.91, 19.37, 32.92, 110.43, 19.38, 31.23, 134.03, 19.00, 43.68, 77.52, 19.27, 

predicted_gflops_mem_coo:
15.6667, 15.6667, 15.6667, 15.6667, 15.6667, 15.6667, 15.6667, 15.6667, 15.6667, 15.6667, 15.6667, 15.6667, 15.6667, 15.6667, 15.6667, 
predicted_gflops_mem_hicoo:
15.6667, 15.6667, 15.6667, 15.6667, 15.6667, 15.6667, 15.6667, 15.6667, 15.6667, 15.6667, 15.6667, 15.6667, 15.6667, 15.6667, 15.6667, 

predicted_gflops_cache_coo:
128.3333, 128.3333, 128.3333, 128.3333, 128.3333, 128.3333, 128.3333, 128.3333, 128.3333, 128.3333, 128.3333, 128.3333, 128.3333, 128.3333, 128.3333, 
predicted_gflops_cache_hicoo:
128.3333, 128.3333, 128.3333, 128.3333, 128.3333, 128.3333, 128.3333, 128.3333, 128.3333, 128.3333, 128.3333, 128.3333, 128.3333, 128.3333, 128.3333, 


get_ttv_data
num_flops:
[2071556, 20453076, 169283856, 2082406, 22986226, 189849004, 1997192, 21536064, 199322508, 2035756, 22583220, 220823938, 3297904, 39114272, 218381184]
num_bytes_coo:
[17039496.0, 150590162.66666666, 1177172062.2222223, 136283550.6666667, 261277210.93333334, 1410003135.1111112, 235123661.0909091, 331398342.15384614, 1478240409.6, 262749265.4117647, 374029426.9473684, 1667372494.2857141, 333130441.73913044, 529974835.84, 1618565831.7037036]
num_bytes_hicoo:
[17039496.0, 150590162.66666666, 1177172062.2222223, 136283550.6666667, 261277210.93333334, 1410003135.1111112, 235123661.0909091, 331398342.15384614, 1478240409.6, 262749265.4117647, 374029426.9473684, 1667372494.2857141, 333130441.73913044, 529974835.84, 1618565831.7037036]

times_coo:
0.0360, 0.4904, 4.1657, 0.0819, 1.2069, 10.2836, 0.0651, 0.8525, 8.0498, 0.0968, 1.3255, 13.3580, 0.0654, 0.8524, 4.6520, 
times_hicoo:
0.0027, 0.0070, 0.0435, 0.0007, 0.0153, 0.1034, 0.0018, 0.0108, 0.0757, 0.0005, 0.0164, 0.1285, 0.0013, 0.0089, 0.0456, 

gbytes_coo:
0.4736, 0.3071, 0.2826, 1.6631, 0.2165, 0.1371, 3.6096, 0.3887, 0.1836, 2.7133, 0.2822, 0.1248, 5.0943, 0.6217, 0.3479, 
gbytes_hicoo:
6.4039, 21.5725, 27.0684, 208.8621, 17.1083, 13.6366, 132.2765, 30.7848, 19.5313, 490.1525, 22.7790, 12.9724, 263.2720, 59.3518, 35.4618, 

oi_coo:
0.1216, 0.1358, 0.1438, 0.0153, 0.0880, 0.1346, 0.0085, 0.0650, 0.1348, 0.0077, 0.0604, 0.1324, 0.0099, 0.0738, 0.1349, 
oi_hicoo:
0.1216, 0.1358, 0.1438, 0.0153, 0.0880, 0.1346, 0.0085, 0.0650, 0.1348, 0.0077, 0.0604, 0.1324, 0.0099, 0.0738, 0.1349, 

gflops_coo:
0.06, 0.04, 0.04, 0.03, 0.02, 0.02, 0.03, 0.03, 0.02, 0.02, 0.02, 0.02, 0.05, 0.05, 0.05, 
gflops_hicoo:
0.78, 2.93, 3.89, 3.19, 1.51, 1.84, 1.12, 2.00, 2.63, 3.80, 1.38, 1.72, 2.61, 4.38, 4.78, 

predicted_gflops_mem_coo:
22.8559, 25.5341, 27.0354, 2.8726, 16.5396, 25.3131, 1.5969, 12.2173, 25.3495, 1.4566, 11.3511, 24.8984, 1.8612, 13.8752, 25.3655, 
predicted_gflops_mem_hicoo:
22.8559, 25.5341, 27.0354, 2.8726, 16.5396, 25.3131, 1.5969, 12.2173, 25.3495, 1.4566, 11.3511, 24.8984, 1.8612, 13.8752, 25.3655, 

predicted_gflops_cache_coo:
187.2236, 209.1620, 221.4605, 23.5311, 135.4836, 207.3524, 13.0811, 100.0776, 207.6500, 11.9318, 92.9824, 203.9549, 15.2456, 113.6582, 207.7809, 
predicted_gflops_cache_hicoo:
187.2236, 209.1620, 221.4605, 23.5311, 135.4836, 207.3524, 13.0811, 100.0776, 207.6500, 11.9318, 92.9824, 203.9549, 15.2456, 113.6582, 207.7809, 


get_ttm_data
num_flops:
[33144896, 327249216, 2708541696, 33318496, 367779616, 3037584064, 31955072, 344577024, 3189160128, 32572096, 361331520, 3533183008, 52766464, 625828352, 3494098944]
num_bytes_coo:
[95321736.0, 861733416.0, 6820828984.0, 632017632.0000001, 1382623483.2, 8053655144.0, 1076031202.909091, 1685117115.6923077, 8445984415.2, 1200693498.3529413, 1886381401.2631578, 9490591666.285713, 1528768123.826087, 2736915209.2799997, 9248976898.666668]
num_bytes_hicoo:
[95321736.0, 861733416.0, 6820828984.0, 632017632.0000001, 1382623483.2, 8053655144.0, 1076031202.909091, 1685117115.6923077, 8445984415.2, 1200693498.3529413, 1886381401.2631578, 9490591666.285713, 1528768123.826087, 2736915209.2799997, 9248976898.666668]

times_coo:
0.0428, 0.4849, 4.1928, 0.0993, 1.0961, 9.5526, 0.0739, 0.7815, 7.2479, 0.1120, 1.2258, 12.2905, 0.0737, 0.8092, 4.2355, 
times_hicoo:
0.0020, 0.0086, 0.0556, 0.0036, 0.0215, 0.1718, 0.0027, 0.0096, 0.0696, 0.0033, 0.0174, 0.1736, 0.0028, 0.0141, 0.0612, 

gbytes_coo:
2.2295, 1.7771, 1.6268, 6.3621, 1.2614, 0.8431, 14.5604, 2.1563, 1.1653, 10.7181, 1.5389, 0.7722, 20.7348, 3.3822, 2.1837, 
gbytes_hicoo:
46.9823, 100.7230, 122.6475, 177.9286, 64.2223, 46.8853, 404.8869, 174.6857, 121.3317, 369.2873, 108.7041, 54.6546, 542.9593, 193.7381, 151.0342, 

oi_coo:
0.3477, 0.3798, 0.3971, 0.0527, 0.2660, 0.3772, 0.0297, 0.2045, 0.3776, 0.0271, 0.1915, 0.3723, 0.0345, 0.2287, 0.3778, 
oi_hicoo:
0.3477, 0.3798, 0.3971, 0.0527, 0.2660, 0.3772, 0.0297, 0.2045, 0.3776, 0.0271, 0.1915, 0.3723, 0.0345, 0.2287, 0.3778, 

gflops_coo:
0.78, 0.67, 0.65, 0.34, 0.34, 0.32, 0.43, 0.44, 0.44, 0.29, 0.29, 0.29, 0.72, 0.77, 0.82, 
gflops_hicoo:
16.34, 38.25, 48.70, 9.38, 17.08, 17.68, 12.02, 35.72, 45.81, 10.02, 20.82, 20.35, 18.74, 44.30, 57.06, 

predicted_gflops_mem_coo:
65.3706, 71.3943, 74.6545, 9.9109, 50.0082, 70.9077, 5.5831, 38.4427, 70.9878, 5.1000, 36.0109, 69.9891, 6.4889, 42.9884, 71.0231, 
predicted_gflops_mem_hicoo:
65.3706, 71.3943, 74.6545, 9.9109, 50.0082, 70.9077, 5.5831, 38.4427, 70.9878, 5.1000, 36.0109, 69.9891, 6.4889, 42.9884, 71.0231, 

predicted_gflops_cache_coo:
535.4827, 584.8256, 611.5319, 81.1852, 409.6420, 580.8393, 45.7336, 314.9031, 581.4961, 41.7767, 294.9831, 573.3153, 53.1541, 352.1394, 581.7846, 
predicted_gflops_cache_hicoo:
535.4827, 584.8256, 611.5319, 81.1852, 409.6420, 580.8393, 45.7336, 314.9031, 581.4961, 41.7767, 294.9831, 573.3153, 53.1541, 352.1394, 581.7846, 


get_mttkrp_data
num_flops:
[49717344, 490873824, 4062812544, 49977744, 551669424, 4556376096, 63910144, 689154048, 6378320256, 65144192, 722663040, 7066366016, 105532928, 1251656704, 6988197888]
num_bytes_coo:
[281731616, 2781618336, 23022604416, 283207216, 3126126736, 25819464544, 339522640, 3661130880, 33884826360, 346078520, 3839147400, 37540069460, 560643680, 6649426240, 37124801280]
num_bytes_hicoo:
[271156834, 2688769814, 22241987736, 263338313, 3213805547, 26788814330, 325295296, 3528970576, 32664755936, 270456096, 3969605744, 38838664408, 540859232, 6414483872, 35814718080]

times_coo:
0.0189, 0.1067, 0.7533, 0.0055, 0.0679, 0.6195, 0.0317, 0.2663, 2.0148, 0.0256, 0.2931, 2.8424, 0.0804, 0.5585, 2.5962, 
times_hicoo:
0.0217, 0.1346, 0.9150, 0.0088, 0.0963, 0.7456, 0.0203, 0.1664, 1.1191, 0.0259, 0.3561, 3.4674, 0.0751, 0.4237, 1.2632, 

gbytes_coo:
14.9433, 26.0624, 30.5618, 51.8406, 46.0211, 41.6756, 10.7210, 13.7480, 16.8181, 13.5007, 13.0986, 13.2071, 6.9735, 11.9062, 14.2999, 
gbytes_hicoo:
12.4934, 19.9758, 24.3074, 29.7631, 33.3652, 35.9277, 16.0120, 21.2133, 29.1890, 10.4467, 11.1468, 11.2010, 7.2043, 15.1385, 28.3532, 

oi_coo:
0.1765, 0.1765, 0.1765, 0.1765, 0.1765, 0.1765, 0.1882, 0.1882, 0.1882, 0.1882, 0.1882, 0.1882, 0.1882, 0.1882, 0.1882, 
oi_hicoo:
0.1834, 0.1826, 0.1827, 0.1898, 0.1717, 0.1701, 0.1965, 0.1953, 0.1953, 0.2409, 0.1820, 0.1819, 0.1951, 0.1951, 0.1951, 

gflops_coo:
2.64, 4.60, 5.39, 9.15, 8.12, 7.35, 2.02, 2.59, 3.17, 2.54, 2.47, 2.49, 1.31, 2.24, 2.69, 
gflops_hicoo:
2.29, 3.65, 4.44, 5.65, 5.73, 6.11, 3.15, 4.14, 5.70, 2.52, 2.03, 2.04, 1.41, 2.95, 5.53, 

predicted_gflops_mem_coo:
33.1765, 33.1765, 33.1765, 33.1765, 33.1765, 33.1765, 35.3882, 35.3882, 35.3882, 35.3882, 35.3882, 35.3882, 35.3882, 35.3882, 35.3882, 
predicted_gflops_mem_hicoo:
34.4703, 34.3221, 34.3408, 35.6796, 32.2714, 31.9760, 36.9360, 36.7135, 36.7100, 45.2832, 34.2252, 34.2050, 36.6827, 36.6844, 36.6827, 

predicted_gflops_cache_coo:
271.7647, 271.7647, 271.7647, 271.7647, 271.7647, 271.7647, 289.8824, 289.8824, 289.8824, 289.8824, 289.8824, 289.8824, 289.8824, 289.8824, 289.8824, 
predicted_gflops_cache_hicoo:
282.3632, 281.1493, 281.3027, 292.2694, 264.3504, 261.9309, 302.5609, 300.7385, 300.7098, 370.9366, 280.3556, 280.1900, 300.4862, 300.4998, 300.4861, 


