intput_path: ../new-timing-results/new-timing-results-bluesky/
plot_tensors: graph
ang_pattern: 0
machine_name: bluesky
tk: 24
theo_gflops: 998.00, theo_mem_bw: 190.00, theo_cache_bw: 1183.00
tensors:
['3D_irregular_small', '3D_irregular_medium', '3D_irregular_large', '3D_regular_small', '3D_regular_medium', '3D_regular_large', '4D_irregular_small', '4D_irregular_medium', '4D_irregular_large', '4D_regular_small', '4D_regular_medium', '4D_regular_large', '4D_i_small', '4D_i_medium', '4D_i_large']

nnzs:
[1035778, 10226538, 84641928, 1041203, 11493113, 94924502, 998596, 10768032, 99661254, 1017878, 11291610, 110411969, 1648952, 19557136, 109190592]
nfibs:
[288135.0, 1741981.6666666667, 10091807.888888888, 7736819.666666667, 7709990.933333334, 16931819.444444444, 13946281.818181818, 12636372.384615384, 17644085.1, 15658420.588235294, 14908131.684210526, 21401804.14285714, 19583938.608695652, 18455575.24, 19267420.48148148]
nbs:
[10001, 77404, 994008, 927717, 11352731, 94653416, 11132, 147230, 880706, 762538, 11276956, 110335374, 124, 1356, 8496]
nnzbs:
[103, 132, 85, 1, 1, 1, 89, 73, 113, 1, 1, 1, 13298, 14422, 12852]

get_tew_data
num_flops:
[1035778, 10226538, 84641928, 1041203, 11493113, 94924502, 998596, 10768032, 99661254, 1017878, 11291610, 110411969, 1648952, 19557136, 109190592]
num_bytes_coo:
[12429336, 122718456, 1015703136, 12494436, 137917356, 1139094024, 11983152, 129216384, 1195935048, 12214536, 135499320, 1324943628, 19787424, 234685632, 1310287104]
num_bytes_hicoo:
[12429336, 122718456, 1015703136, 12494436, 137917356, 1139094024, 11983152, 129216384, 1195935048, 12214536, 135499320, 1324943628, 19787424, 234685632, 1310287104]

times_coo:
0.0000, 0.0010, 0.0106, 0.0000, 0.0014, 0.0118, 0.0000, 0.0011, 0.0125, 0.0000, 0.0013, 0.0138, 0.0001, 0.0021, 0.0148, 
times_hicoo:
0.0000, 0.0011, 0.0106, 0.0000, 0.0013, 0.0120, 0.0000, 0.0012, 0.0125, 0.0000, 0.0012, 0.0146, 0.0000, 0.0021, 0.0142, 

gbytes_coo:
581.3589, 123.0634, 95.8492, 333.2934, 98.9175, 96.4736, 245.7528, 115.4441, 95.4211, 264.3072, 101.8838, 96.1320, 187.3976, 112.8273, 88.3539, 
gbytes_hicoo:
701.8893, 111.0042, 95.7842, 433.9039, 104.5323, 95.0239, 679.1399, 109.3304, 95.3527, 447.1601, 111.7823, 90.9032, 730.1471, 112.4747, 92.2540, 

oi_coo:
0.0833, 0.0833, 0.0833, 0.0833, 0.0833, 0.0833, 0.0833, 0.0833, 0.0833, 0.0833, 0.0833, 0.0833, 0.0833, 0.0833, 0.0833, 
oi_hicoo:
0.0833, 0.0833, 0.0833, 0.0833, 0.0833, 0.0833, 0.0833, 0.0833, 0.0833, 0.0833, 0.0833, 0.0833, 0.0833, 0.0833, 0.0833, 

gflops_coo:
48.45, 10.26, 7.99, 27.77, 8.24, 8.04, 20.48, 9.62, 7.95, 22.03, 8.49, 8.01, 15.62, 9.40, 7.36, 
gflops_hicoo:
58.49, 9.25, 7.98, 36.16, 8.71, 7.92, 56.59, 9.11, 7.95, 37.26, 9.32, 7.58, 60.85, 9.37, 7.69, 

predicted_gflops_mem_coo:
15.8333, 15.8333, 15.8333, 15.8333, 15.8333, 15.8333, 15.8333, 15.8333, 15.8333, 15.8333, 15.8333, 15.8333, 15.8333, 15.8333, 15.8333, 
predicted_gflops_mem_hicoo:
15.8333, 15.8333, 15.8333, 15.8333, 15.8333, 15.8333, 15.8333, 15.8333, 15.8333, 15.8333, 15.8333, 15.8333, 15.8333, 15.8333, 15.8333, 

predicted_gflops_cache_coo:
98.5833, 98.5833, 98.5833, 98.5833, 98.5833, 98.5833, 98.5833, 98.5833, 98.5833, 98.5833, 98.5833, 98.5833, 98.5833, 98.5833, 98.5833, 
predicted_gflops_cache_hicoo:
98.5833, 98.5833, 98.5833, 98.5833, 98.5833, 98.5833, 98.5833, 98.5833, 98.5833, 98.5833, 98.5833, 98.5833, 98.5833, 98.5833, 98.5833, 


get_ts_data
num_flops:
[1035778, 10226538, 84641928, 1041203, 11493113, 94924502, 998596, 10768032, 99661254, 1017878, 11291610, 110411969, 1648952, 19557136, 109190592]
num_bytes_coo:
[12429336, 122718456, 1015703136, 12494436, 137917356, 1139094024, 11983152, 129216384, 1195935048, 12214536, 135499320, 1324943628, 19787424, 234685632, 1310287104]
num_bytes_hicoo:
[12429336, 122718456, 1015703136, 12494436, 137917356, 1139094024, 11983152, 129216384, 1195935048, 12214536, 135499320, 1324943628, 19787424, 234685632, 1310287104]

times_coo:
0.0000, 0.0003, 0.0051, 0.0000, 0.0003, 0.0057, 0.0000, 0.0003, 0.0061, 0.0000, 0.0003, 0.0070, 0.0000, 0.0007, 0.0070, 
times_hicoo:
0.0000, 0.0003, 0.0053, 0.0000, 0.0004, 0.0058, 0.0000, 0.0003, 0.0061, 0.0000, 0.0004, 0.0070, 0.0000, 0.0008, 0.0069, 

gbytes_coo:
950.5603, 393.3299, 200.2198, 670.7126, 410.2075, 200.4535, 595.5900, 422.6727, 194.6340, 611.0507, 391.0377, 190.3643, 567.9611, 326.8766, 187.9774, 
gbytes_hicoo:
892.5145, 414.9651, 192.8368, 910.3547, 359.5304, 195.8997, 854.4259, 441.9791, 196.2815, 828.3849, 385.5954, 188.5991, 975.1342, 312.0073, 189.2851, 

oi_coo:
0.0833, 0.0833, 0.0833, 0.0833, 0.0833, 0.0833, 0.0833, 0.0833, 0.0833, 0.0833, 0.0833, 0.0833, 0.0833, 0.0833, 0.0833, 
oi_hicoo:
0.0833, 0.0833, 0.0833, 0.0833, 0.0833, 0.0833, 0.0833, 0.0833, 0.0833, 0.0833, 0.0833, 0.0833, 0.0833, 0.0833, 0.0833, 

gflops_coo:
79.21, 32.78, 16.68, 55.89, 34.18, 16.70, 49.63, 35.22, 16.22, 50.92, 32.59, 15.86, 47.33, 27.24, 15.66, 
gflops_hicoo:
74.38, 34.58, 16.07, 75.86, 29.96, 16.32, 71.20, 36.83, 16.36, 69.03, 32.13, 15.72, 81.26, 26.00, 15.77, 

predicted_gflops_mem_coo:
15.8333, 15.8333, 15.8333, 15.8333, 15.8333, 15.8333, 15.8333, 15.8333, 15.8333, 15.8333, 15.8333, 15.8333, 15.8333, 15.8333, 15.8333, 
predicted_gflops_mem_hicoo:
15.8333, 15.8333, 15.8333, 15.8333, 15.8333, 15.8333, 15.8333, 15.8333, 15.8333, 15.8333, 15.8333, 15.8333, 15.8333, 15.8333, 15.8333, 

predicted_gflops_cache_coo:
98.5833, 98.5833, 98.5833, 98.5833, 98.5833, 98.5833, 98.5833, 98.5833, 98.5833, 98.5833, 98.5833, 98.5833, 98.5833, 98.5833, 98.5833, 
predicted_gflops_cache_hicoo:
98.5833, 98.5833, 98.5833, 98.5833, 98.5833, 98.5833, 98.5833, 98.5833, 98.5833, 98.5833, 98.5833, 98.5833, 98.5833, 98.5833, 98.5833, 


get_ttv_data
num_flops:
[2071556, 20453076, 169283856, 2082406, 22986226, 189849004, 1997192, 21536064, 199322508, 2035756, 22583220, 220823938, 3297904, 39114272, 218381184]
num_bytes_coo:
[17039496.0, 150590162.66666666, 1177172062.2222223, 136283550.6666667, 261277210.93333334, 1410003135.1111112, 235123661.0909091, 331398342.15384614, 1478240409.6, 262749265.4117647, 374029426.9473684, 1667372494.2857141, 333130441.73913044, 529974835.84, 1618565831.7037036]
num_bytes_hicoo:
[17039496.0, 150590162.66666666, 1177172062.2222223, 136283550.6666667, 261277210.93333334, 1410003135.1111112, 235123661.0909091, 331398342.15384614, 1478240409.6, 262749265.4117647, 374029426.9473684, 1667372494.2857141, 333130441.73913044, 529974835.84, 1618565831.7037036]

times_coo:
0.0012, 0.0032, 0.0115, 0.0027, 0.0047, 0.0312, 0.0024, 0.0047, 0.0183, 0.0036, 0.0055, 0.0341, 0.0004, 0.0045, 0.0140, 
times_hicoo:
0.0001, 0.0031, 0.0115, 0.0001, 0.0071, 0.0311, 0.0001, 0.0038, 0.0182, 0.0001, 0.0062, 0.0341, 0.0001, 0.0026, 0.0145, 

gbytes_coo:
14.3778, 47.5216, 102.4455, 50.0486, 55.3688, 45.1403, 99.1352, 69.9967, 80.6313, 72.6456, 67.6752, 48.9634, 745.1856, 118.8540, 115.6933, 
gbytes_hicoo:
251.9329, 47.9698, 102.2344, 1473.0480, 37.0420, 45.3835, 3118.9942, 86.4560, 81.1516, 3036.9529, 59.8654, 48.9015, 2577.6997, 205.3689, 111.3784, 

oi_coo:
0.1216, 0.1358, 0.1438, 0.0153, 0.0880, 0.1346, 0.0085, 0.0650, 0.1348, 0.0077, 0.0604, 0.1324, 0.0099, 0.0738, 0.1349, 
oi_hicoo:
0.1216, 0.1358, 0.1438, 0.0153, 0.0880, 0.1346, 0.0085, 0.0650, 0.1348, 0.0077, 0.0604, 0.1324, 0.0099, 0.0738, 0.1349, 

gflops_coo:
1.75, 6.45, 14.73, 0.76, 4.87, 6.08, 0.84, 4.55, 10.87, 0.56, 4.09, 6.48, 7.38, 8.77, 15.61, 
gflops_hicoo:
30.63, 6.52, 14.70, 22.51, 3.26, 6.11, 26.49, 5.62, 10.94, 23.53, 3.61, 6.48, 25.52, 15.16, 15.03, 

predicted_gflops_mem_coo:
23.0990, 25.8057, 27.3231, 2.9032, 16.7155, 25.5824, 1.6139, 12.3472, 25.6192, 1.4721, 11.4719, 25.1633, 1.8810, 14.0228, 25.6353, 
predicted_gflops_mem_hicoo:
23.0990, 25.8057, 27.3231, 2.9032, 16.7155, 25.5824, 1.6139, 12.3472, 25.6192, 1.4721, 11.4719, 25.1633, 1.8810, 14.0228, 25.6353, 

predicted_gflops_cache_coo:
143.8218, 160.6744, 170.1219, 18.0762, 104.0761, 159.2843, 10.0487, 76.8778, 159.5130, 9.1658, 71.4274, 156.6745, 11.7114, 87.3102, 159.6135, 
predicted_gflops_cache_hicoo:
143.8218, 160.6744, 170.1219, 18.0762, 104.0761, 159.2843, 10.0487, 76.8778, 159.5130, 9.1658, 71.4274, 156.6745, 11.7114, 87.3102, 159.6135, 


get_ttm_data
num_flops:
[33144896, 327249216, 2708541696, 33318496, 367779616, 3037584064, 31955072, 344577024, 3189160128, 32572096, 361331520, 3533183008, 52766464, 625828352, 3494098944]
num_bytes_coo:
[95321736.0, 861733416.0, 6820828984.0, 632017632.0000001, 1382623483.2, 8053655144.0, 1076031202.909091, 1685117115.6923077, 8445984415.2, 1200693498.3529413, 1886381401.2631578, 9490591666.285713, 1528768123.826087, 2736915209.2799997, 9248976898.666668]
num_bytes_hicoo:
[95321736.0, 861733416.0, 6820828984.0, 632017632.0000001, 1382623483.2, 8053655144.0, 1076031202.909091, 1685117115.6923077, 8445984415.2, 1200693498.3529413, 1886381401.2631578, 9490591666.285713, 1528768123.826087, 2736915209.2799997, 9248976898.666668]

times_coo:
0.0006, 0.0074, 0.0583, 0.0009, 0.0194, 0.1857, 0.0007, 0.0086, 0.0832, 0.0010, 0.0184, 0.1963, 0.0010, 0.0125, 0.0710, 
times_hicoo:
0.0007, 0.0077, 0.0603, 0.0011, 0.0186, 0.1872, 0.0008, 0.0088, 0.0843, 0.0010, 0.0185, 0.1992, 0.0011, 0.0127, 0.0711, 

gbytes_coo:
165.6721, 116.6719, 117.0895, 671.2186, 71.0980, 43.3700, 1515.6012, 194.8884, 101.5053, 1247.3037, 102.3715, 48.3362, 1506.7172, 219.4794, 130.2823, 
gbytes_hicoo:
137.5650, 112.2175, 113.2013, 576.7779, 74.1875, 43.0135, 1356.9543, 191.9026, 100.1759, 1190.1758, 101.7749, 47.6368, 1443.1635, 216.1635, 130.1083, 

oi_coo:
0.3477, 0.3798, 0.3971, 0.0527, 0.2660, 0.3772, 0.0297, 0.2045, 0.3776, 0.0271, 0.1915, 0.3723, 0.0345, 0.2287, 0.3778, 
oi_hicoo:
0.3477, 0.3798, 0.3971, 0.0527, 0.2660, 0.3772, 0.0297, 0.2045, 0.3776, 0.0271, 0.1915, 0.3723, 0.0345, 0.2287, 0.3778, 

gflops_coo:
57.61, 44.31, 46.50, 35.39, 18.91, 16.36, 45.01, 39.85, 38.33, 33.84, 19.61, 17.99, 52.01, 50.19, 49.22, 
gflops_hicoo:
47.83, 42.62, 44.95, 30.41, 19.73, 16.22, 40.30, 39.24, 37.83, 32.29, 19.49, 17.73, 49.81, 49.43, 49.15, 

predicted_gflops_mem_coo:
66.0660, 72.1538, 75.4487, 10.0164, 50.5402, 71.6620, 5.6425, 38.8517, 71.7430, 5.1543, 36.3940, 70.7337, 6.5580, 43.4458, 71.7786, 
predicted_gflops_mem_hicoo:
66.0660, 72.1538, 75.4487, 10.0164, 50.5402, 71.6620, 5.6425, 38.8517, 71.7430, 5.1543, 36.3940, 70.7337, 6.5580, 43.4458, 71.7786, 

predicted_gflops_cache_coo:
411.3481, 449.2524, 469.7677, 62.3650, 314.6795, 446.1902, 35.1317, 241.9028, 446.6947, 32.0921, 226.6006, 440.4104, 40.8320, 270.5071, 446.9164, 
predicted_gflops_cache_hicoo:
411.3481, 449.2524, 469.7677, 62.3650, 314.6795, 446.1902, 35.1317, 241.9028, 446.6947, 32.0921, 226.6006, 440.4104, 40.8320, 270.5071, 446.9164, 


get_mttkrp_data
num_flops:
[49717344, 490873824, 4062812544, 49977744, 551669424, 4556376096, 63910144, 689154048, 6378320256, 65144192, 722663040, 7066366016, 105532928, 1251656704, 6988197888]
num_bytes_coo:
[281731616, 2781618336, 23022604416, 283207216, 3126126736, 25819464544, 339522640, 3661130880, 33884826360, 346078520, 3839147400, 37540069460, 560643680, 6649426240, 37124801280]
num_bytes_hicoo:
[271156834, 2688769814, 22241987736, 263338313, 3213805547, 26788814330, 325295296, 3528970576, 32664755936, 270456096, 3969605744, 38838664408, 540859232, 6414483872, 35814718080]

times_coo:
0.0252, 0.1817, 1.2432, 0.0076, 0.0946, 0.8618, 0.0437, 0.3526, 3.1528, 0.0340, 0.4081, 4.1614, 0.1276, 0.7436, 3.6170, 
times_hicoo:
0.0380, 0.2693, 1.7192, 0.0122, 0.1233, 1.0010, 0.0270, 0.2395, 1.5063, 0.0363, 0.5342, 5.2938, 0.0985, 0.5495, 2.1532, 

gbytes_coo:
11.1977, 15.3126, 18.5187, 37.1485, 33.0609, 29.9598, 7.7669, 10.3844, 10.7477, 10.1755, 9.4074, 9.0211, 4.3924, 8.9418, 10.2640, 
gbytes_hicoo:
7.1369, 9.9855, 12.9371, 21.5589, 26.0607, 26.7627, 12.0687, 14.7324, 21.6850, 7.4509, 7.4311, 7.3366, 5.4909, 11.6730, 16.6333, 

oi_coo:
0.1765, 0.1765, 0.1765, 0.1765, 0.1765, 0.1765, 0.1882, 0.1882, 0.1882, 0.1882, 0.1882, 0.1882, 0.1882, 0.1882, 0.1882, 
oi_hicoo:
0.1834, 0.1826, 0.1827, 0.1898, 0.1717, 0.1701, 0.1965, 0.1953, 0.1953, 0.2409, 0.1820, 0.1819, 0.1951, 0.1951, 0.1951, 

gflops_coo:
1.98, 2.70, 3.27, 6.56, 5.83, 5.29, 1.46, 1.95, 2.02, 1.92, 1.77, 1.70, 0.83, 1.68, 1.93, 
gflops_hicoo:
1.31, 1.82, 2.36, 4.09, 4.47, 4.55, 2.37, 2.88, 4.23, 1.79, 1.35, 1.33, 1.07, 2.28, 3.25, 

predicted_gflops_mem_coo:
33.5294, 33.5294, 33.5294, 33.5294, 33.5294, 33.5294, 35.7647, 35.7647, 35.7647, 35.7647, 35.7647, 35.7647, 35.7647, 35.7647, 35.7647, 
predicted_gflops_mem_hicoo:
34.8370, 34.6872, 34.7062, 36.0592, 32.6147, 32.3162, 37.3289, 37.1041, 37.1006, 45.7649, 34.5893, 34.5689, 37.0730, 37.0747, 37.0730, 

predicted_gflops_cache_coo:
208.7647, 208.7647, 208.7647, 208.7647, 208.7647, 208.7647, 222.6824, 222.6824, 222.6824, 222.6824, 222.6824, 222.6824, 222.6824, 222.6824, 222.6824, 
predicted_gflops_cache_hicoo:
216.9063, 215.9738, 216.0916, 224.5160, 203.0692, 201.2106, 232.4217, 231.0218, 230.9998, 284.9467, 215.3641, 215.2368, 230.8280, 230.8385, 230.8280, 


