intput_path: ../new-timing-results/new-timing-results-dgx2/
plot_tensors: graph
ang_pattern: 0
machine_name: dgx2
tensors:
['3D_irregular_small', '3D_irregular_medium', '3D_irregular_large', '3D_regular_small', '3D_regular_medium', '3D_regular_large', '4D_irregular_small', '4D_irregular_medium', '4D_irregular_large', '4D_regular_small', '4D_regular_medium', '4D_regular_large', '4D_i_small', '4D_i_medium', '4D_i_large']

nnzs:
[1035778, 10226538, 84641928, 1041203, 11493113, 94924502, 998596, 10768032, 99661254, 1017878, 11291610, 110411969, 1648952, 19557136, 109190592]
nfibs:
[288135.0, 1741981.6666666667, 10091807.888888888, 7736819.666666667, 7709990.933333334, 16931819.444444444, 13946281.818181818, 12636372.384615384, 17644085.1, 15658420.588235294, 14908131.684210526, 21401804.14285714, 19583938.608695652, 18455575.24, 19267420.48148148]
nbs:
[10001, 77404, 994008, 927717, 11352731, 94653416, 11132, 147230, 880706, 762538, 11276956, 110335374, 124, 1356, 8496]
nnzbs:
[103, 132, 85, 1, 1, 1, 89, 73, 113, 1, 1, 1, 13298, 14422, 12852]


### get_tew_data ###
num_flops:
[1035778, 10226538, 84641928, 1041203, 11493113, 94924502, 998596, 10768032, 99661254, 1017878, 11291610, 110411969, 1648952, 19557136, 109190592]
num_bytes_coo:
[12429336, 122718456, 1015703136, 12494436, 137917356, 1139094024, 11983152, 129216384, 1195935048, 12214536, 135499320, 1324943628, 19787424, 234685632, 1310287104]
num_bytes_hicoo:
[12429336, 122718456, 1015703136, 12494436, 137917356, 1139094024, 11983152, 129216384, 1195935048, 12214536, 135499320, 1324943628, 19787424, 234685632, 1310287104]

gpu_times_coo:
0.0001, 0.0003, 0.0013, 0.0001, 0.0003, 0.0015, 0.0001, 0.0003, 0.0015, 0.0001, 0.0003, 0.0017, 0.0001, 0.0004, 0.0017, 
gpu_times_hicoo:
0.0001, 0.0003, 0.0013, 0.0001, 0.0003, 0.0015, 0.0001, 0.0003, 0.0015, 0.0001, 0.0003, 0.0017, 0.0001, 0.0004, 0.0017, 

oi_coo:
0.0833, 0.0833, 0.0833, 0.0833, 0.0833, 0.0833, 0.0833, 0.0833, 0.0833, 0.0833, 0.0833, 0.0833, 0.0833, 0.0833, 0.0833, 
oi_hicoo:
0.0833, 0.0833, 0.0833, 0.0833, 0.0833, 0.0833, 0.0833, 0.0833, 0.0833, 0.0833, 0.0833, 0.0833, 0.0833, 0.0833, 0.0833, 

gpu_gflops_coo:
7.78, 39.65, 63.35, 7.79, 43.58, 64.24, 8.56, 41.01, 64.75, 8.26, 42.96, 65.01, 13.40, 50.64, 64.81, 
gpu_gflops_hicoo:
7.45, 38.24, 63.73, 8.12, 41.63, 64.21, 7.87, 39.57, 64.75, 8.00, 40.60, 64.61, 12.21, 52.06, 65.10, 

predicted_gflops_mem_coo:
65.9167, 65.9167, 65.9167, 65.9167, 65.9167, 65.9167, 65.9167, 65.9167, 65.9167, 65.9167, 65.9167, 65.9167, 65.9167, 65.9167, 65.9167, 
predicted_gflops_mem_hicoo:
65.9167, 65.9167, 65.9167, 65.9167, 65.9167, 65.9167, 65.9167, 65.9167, 65.9167, 65.9167, 65.9167, 65.9167, 65.9167, 65.9167, 65.9167, 

predicted_gflops_cache_coo:
277.6667, 277.6667, 277.6667, 277.6667, 277.6667, 277.6667, 277.6667, 277.6667, 277.6667, 277.6667, 277.6667, 277.6667, 277.6667, 277.6667, 277.6667, 
predicted_gflops_cache_hicoo:
277.6667, 277.6667, 277.6667, 277.6667, 277.6667, 277.6667, 277.6667, 277.6667, 277.6667, 277.6667, 277.6667, 277.6667, 277.6667, 277.6667, 277.6667, 


get_ts_data
num_flops:
[1035778, 10226538, 84641928, 1041203, 11493113, 94924502, 998596, 10768032, 99661254, 1017878, 11291610, 110411969, 1648952, 19557136, 109190592]
num_bytes_coo:
[8286224, 81812304, 677135424, 8329624, 91944904, 759396016, 7988768, 86144256, 797290032, 8143024, 90332880, 883295752, 13191616, 156457088, 873524736]
num_bytes_hicoo:
[8286224, 81812304, 677135424, 8329624, 91944904, 759396016, 7988768, 86144256, 797290032, 8143024, 90332880, 883295752, 13191616, 156457088, 873524736]

gpu_times_coo:
0.0001, 0.0002, 0.0009, 0.0001, 0.0002, 0.0010, 0.0001, 0.0002, 0.0011, 0.0001, 0.0002, 0.0012, 0.0001, 0.0003, 0.0012, 
gpu_times_hicoo:
0.0001, 0.0002, 0.0009, 0.0001, 0.0002, 0.0010, 0.0001, 0.0002, 0.0011, 0.0001, 0.0002, 0.0012, 0.0001, 0.0003, 0.0012, 

oi_coo:
0.1250, 0.1250, 0.1250, 0.1250, 0.1250, 0.1250, 0.1250, 0.1250, 0.1250, 0.1250, 0.1250, 0.1250, 0.1250, 0.1250, 0.1250, 
oi_hicoo:
0.1250, 0.1250, 0.1250, 0.1250, 0.1250, 0.1250, 0.1250, 0.1250, 0.1250, 0.1250, 0.1250, 0.1250, 0.1250, 0.1250, 0.1250, 

gpu_gflops_coo:
8.41, 49.30, 91.14, 8.25, 53.74, 91.45, 9.09, 51.89, 92.93, 8.24, 51.81, 93.22, 12.44, 71.84, 94.30, 
gpu_gflops_hicoo:
8.26, 48.98, 90.86, 8.85, 53.71, 92.16, 7.85, 48.56, 92.38, 8.79, 50.88, 93.78, 12.60, 70.45, 94.52, 

predicted_gflops_mem_coo:
98.8750, 98.8750, 98.8750, 98.8750, 98.8750, 98.8750, 98.8750, 98.8750, 98.8750, 98.8750, 98.8750, 98.8750, 98.8750, 98.8750, 98.8750, 
predicted_gflops_mem_hicoo:
98.8750, 98.8750, 98.8750, 98.8750, 98.8750, 98.8750, 98.8750, 98.8750, 98.8750, 98.8750, 98.8750, 98.8750, 98.8750, 98.8750, 98.8750, 

predicted_gflops_cache_coo:
416.5000, 416.5000, 416.5000, 416.5000, 416.5000, 416.5000, 416.5000, 416.5000, 416.5000, 416.5000, 416.5000, 416.5000, 416.5000, 416.5000, 416.5000, 
predicted_gflops_cache_hicoo:
416.5000, 416.5000, 416.5000, 416.5000, 416.5000, 416.5000, 416.5000, 416.5000, 416.5000, 416.5000, 416.5000, 416.5000, 416.5000, 416.5000, 416.5000, 


get_ttv_data
num_flops:
[2071556, 20453076, 169283856, 2082406, 22986226, 189849004, 1997192, 21536064, 199322508, 2035756, 22583220, 220823938, 3297904, 39114272, 218381184]
num_bytes_coo:
[17039496.0, 150590162.66666666, 1177172062.2222223, 136283550.6666667, 261277210.93333334, 1410003135.1111112, 235123661.0909091, 331398342.15384614, 1478240409.6, 262749265.4117647, 374029426.9473684, 1667372494.2857141, 333130441.73913044, 529974835.84, 1618565831.7037036]
num_bytes_hicoo:
[17039496.0, 150590162.66666666, 1177172062.2222223, 136283550.6666667, 261277210.93333334, 1410003135.1111112, 235123661.0909091, 331398342.15384614, 1478240409.6, 262749265.4117647, 374029426.9473684, 1667372494.2857141, 333130441.73913044, 529974835.84, 1618565831.7037036]

gpu_times_coo:
0.0001, 0.0005, 0.0111, 0.0001, 0.0008, 0.0124, 0.0001, 0.0007, 0.0114, 0.0001, 0.0007, 0.0117, 0.0001, 0.0011, 0.0140, 
gpu_times_hicoo:
0.0001, 0.0005, 0.0109, 0.0001, 0.0008, 0.0122, 0.0001, 0.0007, 0.0112, 0.0001, 0.0007, 0.0117, 0.0001, 0.0011, 0.0139, 

oi_coo:
0.1216, 0.1358, 0.1438, 0.0153, 0.0880, 0.1346, 0.0085, 0.0650, 0.1348, 0.0077, 0.0604, 0.1324, 0.0099, 0.0738, 0.1349, 
oi_hicoo:
0.1216, 0.1358, 0.1438, 0.0153, 0.0880, 0.1346, 0.0085, 0.0650, 0.1348, 0.0077, 0.0604, 0.1324, 0.0099, 0.0738, 0.1349, 

gpu_gflops_coo:
26.28, 38.01, 15.30, 17.10, 29.47, 15.29, 20.88, 32.32, 17.56, 16.88, 30.23, 18.89, 27.98, 36.63, 15.56, 
gpu_gflops_hicoo:
23.75, 38.10, 15.50, 18.40, 29.54, 15.53, 19.59, 32.17, 17.75, 16.99, 30.33, 18.86, 28.80, 36.58, 15.71, 

predicted_gflops_mem_coo:
96.1649, 107.4332, 113.7502, 12.0864, 69.5893, 106.5037, 6.7189, 51.4035, 106.6566, 6.1286, 47.7591, 104.7587, 7.8307, 58.3790, 106.7238, 
predicted_gflops_mem_hicoo:
96.1649, 107.4332, 113.7502, 12.0864, 69.5893, 106.5037, 6.7189, 51.4035, 106.6566, 6.1286, 47.7591, 104.7587, 7.8307, 58.3790, 106.7238, 

predicted_gflops_cache_coo:
405.0838, 452.5505, 479.1600, 50.9128, 293.1373, 448.6351, 28.3027, 216.5315, 449.2792, 25.8160, 201.1801, 441.2843, 32.9859, 245.9150, 449.5623, 
predicted_gflops_cache_hicoo:
405.0838, 452.5505, 479.1600, 50.9128, 293.1373, 448.6351, 28.3027, 216.5315, 449.2792, 25.8160, 201.1801, 441.2843, 32.9859, 245.9150, 449.5623, 


get_ttm_data
num_flops:
[33144896, 327249216, 2708541696, 33318496, 367779616, 3037584064, 31955072, 344577024, 3189160128, 32572096, 361331520, 3533183008, 52766464, 625828352, 3494098944]
num_bytes_coo:
[95321736.0, 861733416.0, 6820828984.0, 632017632.0000001, 1382623483.2, 8053655144.0, 1076031202.909091, 1685117115.6923077, 8445984415.2, 1200693498.3529413, 1886381401.2631578, 9490591666.285713, 1528768123.826087, 2736915209.2799997, 9248976898.666668]
num_bytes_hicoo:
[95321736.0, 861733416.0, 6820828984.0, 632017632.0000001, 1382623483.2, 8053655144.0, 1076031202.909091, 1685117115.6923077, 8445984415.2, 1200693498.3529413, 1886381401.2631578, 9490591666.285713, 1528768123.826087, 2736915209.2799997, 9248976898.666668]

gpu_times_coo:
0.0002, 0.0014, 0.0103, 0.0003, 0.0030, 0.0259, 0.0003, 0.0020, 0.0172, 0.0004, 0.0033, 0.0307, 0.0003, 0.0024, 0.0125, 
gpu_times_hicoo:
0.0002, 0.0014, 0.0104, 0.0003, 0.0030, 0.0261, 0.0003, 0.0020, 0.0174, 0.0004, 0.0033, 0.0309, 0.0003, 0.0023, 0.0126, 

oi_coo:
0.3477, 0.3798, 0.3971, 0.0527, 0.2660, 0.3772, 0.0297, 0.2045, 0.3776, 0.0271, 0.1915, 0.3723, 0.0345, 0.2287, 0.3778, 
oi_hicoo:
0.3477, 0.3798, 0.3971, 0.0527, 0.2660, 0.3772, 0.0297, 0.2045, 0.3776, 0.0271, 0.1915, 0.3723, 0.0345, 0.2287, 0.3778, 

gpu_gflops_coo:
176.02, 234.63, 263.02, 101.11, 123.37, 117.39, 124.65, 170.86, 185.76, 91.43, 108.71, 115.18, 190.32, 263.23, 278.42, 
gpu_gflops_hicoo:
173.28, 234.45, 259.71, 100.26, 121.01, 116.52, 121.86, 170.84, 183.37, 92.19, 108.69, 114.46, 191.63, 266.37, 276.85, 

predicted_gflops_mem_coo:
275.0434, 300.3877, 314.1050, 41.6997, 210.4070, 298.3402, 23.4905, 161.7457, 298.6775, 21.4580, 151.5140, 294.4756, 27.3019, 180.8716, 298.8257, 
predicted_gflops_mem_hicoo:
275.0434, 300.3877, 314.1050, 41.6997, 210.4070, 298.3402, 23.4905, 161.7457, 298.6775, 21.4580, 151.5140, 294.4756, 27.3019, 180.8716, 298.8257, 

predicted_gflops_cache_coo:
1158.5898, 1265.3500, 1323.1326, 175.6553, 886.3163, 1256.7250, 98.9509, 681.3358, 1258.1460, 90.3896, 638.2361, 1240.4459, 115.0062, 761.9016, 1258.7703, 
predicted_gflops_cache_hicoo:
1158.5898, 1265.3500, 1323.1326, 175.6553, 886.3163, 1256.7250, 98.9509, 681.3358, 1258.1460, 90.3896, 638.2361, 1240.4459, 115.0062, 761.9016, 1258.7703, 


get_mttkrp_data
num_flops:
[49717344, 490873824, 4062812544, 49977744, 551669424, 4556376096, 63910144, 689154048, 6378320256, 65144192, 722663040, 7066366016, 105532928, 1251656704, 6988197888]
num_bytes_coo:
[281731616, 2781618336, 23022604416, 283207216, 3126126736, 25819464544, 339522640, 3661130880, 33884826360, 346078520, 3839147400, 37540069460, 560643680, 6649426240, 37124801280]
num_bytes_hicoo:
[271156834, 2688769814, 22241987736, 263338313, 3213805547, 26788814330, 325295296, 3528970576, 32664755936, 270456096, 3969605744, 38838664408, 540859232, 6414483872, 35814718080]

gpu_times_coo:
0.0007, 0.0024, 0.0110, 0.0007, 0.0038, 0.0287, 0.0007, 0.0026, 0.0159, 0.0006, 0.0037, 0.0328, 0.0011, 0.0048, 0.0185, 
gpu_times_hicoo:
0.0005, 0.0037, 0.0194, 0.0008, 0.0097, 0.0901, 0.0006, 0.0054, 0.0272, 0.0011, 0.0113, 0.1168, 0.0014, 0.0103, 0.0652, 

oi_coo:
0.1765, 0.1765, 0.1765, 0.1765, 0.1765, 0.1765, 0.1882, 0.1882, 0.1882, 0.1882, 0.1882, 0.1882, 0.1882, 0.1882, 0.1882, 
oi_hicoo:
0.1834, 0.1826, 0.1827, 0.1898, 0.1717, 0.1701, 0.1965, 0.1953, 0.1953, 0.2409, 0.1820, 0.1819, 0.1951, 0.1951, 0.1951, 

gpu_gflops_coo:
71.89, 204.43, 370.14, 73.68, 146.82, 158.74, 90.59, 263.19, 402.09, 101.51, 193.63, 215.39, 94.40, 261.35, 378.16, 
gpu_gflops_hicoo:
93.59, 131.49, 208.90, 61.82, 57.13, 50.58, 100.90, 127.62, 234.53, 57.33, 63.83, 60.52, 75.81, 121.57, 107.16, 

predicted_gflops_mem_coo:
139.5882, 139.5882, 139.5882, 139.5882, 139.5882, 139.5882, 148.8941, 148.8941, 148.8941, 148.8941, 148.8941, 148.8941, 148.8941, 148.8941, 148.8941, 
predicted_gflops_mem_hicoo:
145.0320, 144.4085, 144.4873, 150.1202, 135.7800, 134.5373, 155.4063, 154.4702, 154.4555, 190.5265, 144.0008, 143.9158, 154.3406, 154.3476, 154.3406, 

predicted_gflops_cache_coo:
588.0000, 588.0000, 588.0000, 588.0000, 588.0000, 588.0000, 627.2000, 627.2000, 627.2000, 627.2000, 627.2000, 627.2000, 627.2000, 627.2000, 627.2000, 
predicted_gflops_cache_hicoo:
610.9313, 608.3048, 608.6368, 632.3647, 571.9582, 566.7233, 654.6317, 650.6887, 650.6267, 802.5718, 606.5875, 606.2292, 650.1428, 650.1724, 650.1426, 


