intput_path: ../new-timing-results/new-timing-results-bluesky/
plot_tensors: graph
ang_pattern: 0
machine_name: bluesky
theo_gflops: 998.00, theo_mem_bw: 190.00, theo_cache_bw: 1183.00
tensors:
['3D_irregular_small', '3D_irregular_medium', '3D_irregular_large', '3D_regular_small', '3D_regular_medium', '3D_regular_large', '4D_irregular_small', '4D_irregular_medium', '4D_irregular_large', '4D_regular_small', '4D_regular_medium', '4D_regular_large', '4D_i_small', '4D_i_medium', '4D_i_large']

nnzs:
[1035778, 10226538, 84641928, 1041203, 11493113, 94924502, 998596, 10768032, 99661254, 1017878, 11291610, 110411969, 1648952, 19557136, 109190592]
nfibs:
[288135.0, 1741981.6666666667, 10091807.888888888, 7736819.666666667, 7709990.933333334, 16931819.444444444, 13946281.818181818, 12636372.384615384, 17644085.1, 15658420.588235294, 14908131.684210526, 21401804.14285714, 19583938.608695652, 18455575.24, 19267420.48148148]
nbs:
[10001, 77404, 994008, 927717, 11352731, 94653416, 11132, 147230, 880706, 762538, 11276956, 110335374, 124, 1356, 8496]
nnzbs:
[103, 132, 85, 1, 1, 1, 89, 73, 113, 1, 1, 1, 13298, 14422, 12852]

get_tew_data
num_flops:
[1035778, 10226538, 84641928, 1041203, 11493113, 94924502, 998596, 10768032, 99661254, 1017878, 11291610, 110411969, 1648952, 19557136, 109190592]
num_bytes_coo:
[12429336, 122718456, 1015703136, 12494436, 137917356, 1139094024, 11983152, 129216384, 1195935048, 12214536, 135499320, 1324943628, 19787424, 234685632, 1310287104]
num_bytes_hicoo:
[12429336, 122718456, 1015703136, 12494436, 137917356, 1139094024, 11983152, 129216384, 1195935048, 12214536, 135499320, 1324943628, 19787424, 234685632, 1310287104]

times_coo:
0.0007, 0.0119, 0.1017, 0.0010, 0.0126, 0.1191, 0.0010, 0.0126, 0.1242, 0.0010, 0.0131, 0.1412, 0.0017, 0.0232, 0.1370, 
times_hicoo:
0.0007, 0.0100, 0.0907, 0.0009, 0.0113, 0.1015, 0.0007, 0.0105, 0.1046, 0.0009, 0.0113, 0.1184, 0.0012, 0.0194, 0.1169, 

gbytes_coo:
17.6723, 10.2751, 9.9831, 12.2810, 10.9367, 9.5671, 11.7530, 10.2941, 9.6300, 12.2485, 10.3164, 9.3816, 11.6777, 10.1229, 9.5622, 
gbytes_hicoo:
19.0430, 12.2377, 11.1974, 14.2236, 12.1973, 11.2264, 18.3113, 12.3378, 11.4298, 14.1740, 11.9433, 11.1904, 16.4544, 12.1019, 11.2063, 

oi_coo:
0.0833, 0.0833, 0.0833, 0.0833, 0.0833, 0.0833, 0.0833, 0.0833, 0.0833, 0.0833, 0.0833, 0.0833, 0.0833, 0.0833, 0.0833, 
oi_hicoo:
0.0833, 0.0833, 0.0833, 0.0833, 0.0833, 0.0833, 0.0833, 0.0833, 0.0833, 0.0833, 0.0833, 0.0833, 0.0833, 0.0833, 0.0833, 

gflops_coo:
1.47, 0.86, 0.83, 1.02, 0.91, 0.80, 0.98, 0.86, 0.80, 1.02, 0.86, 0.78, 0.97, 0.84, 0.80, 
gflops_hicoo:
1.59, 1.02, 0.93, 1.19, 1.02, 0.94, 1.53, 1.03, 0.95, 1.18, 1.00, 0.93, 1.37, 1.01, 0.93, 

predicted_gflops_mem_coo:
15.8333, 15.8333, 15.8333, 15.8333, 15.8333, 15.8333, 15.8333, 15.8333, 15.8333, 15.8333, 15.8333, 15.8333, 15.8333, 15.8333, 15.8333, 
predicted_gflops_mem_hicoo:
15.8333, 15.8333, 15.8333, 15.8333, 15.8333, 15.8333, 15.8333, 15.8333, 15.8333, 15.8333, 15.8333, 15.8333, 15.8333, 15.8333, 15.8333, 

predicted_gflops_cache_coo:
98.5833, 98.5833, 98.5833, 98.5833, 98.5833, 98.5833, 98.5833, 98.5833, 98.5833, 98.5833, 98.5833, 98.5833, 98.5833, 98.5833, 98.5833, 
predicted_gflops_cache_hicoo:
98.5833, 98.5833, 98.5833, 98.5833, 98.5833, 98.5833, 98.5833, 98.5833, 98.5833, 98.5833, 98.5833, 98.5833, 98.5833, 98.5833, 98.5833, 


get_ts_data
num_flops:
[1035778, 10226538, 84641928, 1041203, 11493113, 94924502, 998596, 10768032, 99661254, 1017878, 11291610, 110411969, 1648952, 19557136, 109190592]
num_bytes_coo:
[12429336, 122718456, 1015703136, 12494436, 137917356, 1139094024, 11983152, 129216384, 1195935048, 12214536, 135499320, 1324943628, 19787424, 234685632, 1310287104]
num_bytes_hicoo:
[12429336, 122718456, 1015703136, 12494436, 137917356, 1139094024, 11983152, 129216384, 1195935048, 12214536, 135499320, 1324943628, 19787424, 234685632, 1310287104]

times_coo:
0.0004, 0.0044, 0.0352, 0.0005, 0.0050, 0.0397, 0.0004, 0.0047, 0.0423, 0.0004, 0.0049, 0.0493, 0.0007, 0.0082, 0.0490, 
times_hicoo:
0.0005, 0.0044, 0.0356, 0.0004, 0.0050, 0.0400, 0.0004, 0.0046, 0.0412, 0.0004, 0.0048, 0.0459, 0.0007, 0.0082, 0.0456, 

gbytes_coo:
30.3336, 27.9559, 28.8588, 25.1301, 27.7079, 28.6630, 30.5251, 27.4691, 28.2678, 30.3258, 27.8852, 26.8604, 28.9998, 28.7712, 26.7672, 
gbytes_hicoo:
27.0773, 28.0073, 28.5141, 29.8487, 27.6174, 28.4883, 27.0085, 28.2425, 29.0114, 30.6745, 28.3856, 28.8565, 27.6528, 28.6581, 28.7574, 

oi_coo:
0.0833, 0.0833, 0.0833, 0.0833, 0.0833, 0.0833, 0.0833, 0.0833, 0.0833, 0.0833, 0.0833, 0.0833, 0.0833, 0.0833, 0.0833, 
oi_hicoo:
0.0833, 0.0833, 0.0833, 0.0833, 0.0833, 0.0833, 0.0833, 0.0833, 0.0833, 0.0833, 0.0833, 0.0833, 0.0833, 0.0833, 0.0833, 

gflops_coo:
2.53, 2.33, 2.40, 2.09, 2.31, 2.39, 2.54, 2.29, 2.36, 2.53, 2.32, 2.24, 2.42, 2.40, 2.23, 
gflops_hicoo:
2.26, 2.33, 2.38, 2.49, 2.30, 2.37, 2.25, 2.35, 2.42, 2.56, 2.37, 2.40, 2.30, 2.39, 2.40, 

predicted_gflops_mem_coo:
15.8333, 15.8333, 15.8333, 15.8333, 15.8333, 15.8333, 15.8333, 15.8333, 15.8333, 15.8333, 15.8333, 15.8333, 15.8333, 15.8333, 15.8333, 
predicted_gflops_mem_hicoo:
15.8333, 15.8333, 15.8333, 15.8333, 15.8333, 15.8333, 15.8333, 15.8333, 15.8333, 15.8333, 15.8333, 15.8333, 15.8333, 15.8333, 15.8333, 

predicted_gflops_cache_coo:
98.5833, 98.5833, 98.5833, 98.5833, 98.5833, 98.5833, 98.5833, 98.5833, 98.5833, 98.5833, 98.5833, 98.5833, 98.5833, 98.5833, 98.5833, 
predicted_gflops_cache_hicoo:
98.5833, 98.5833, 98.5833, 98.5833, 98.5833, 98.5833, 98.5833, 98.5833, 98.5833, 98.5833, 98.5833, 98.5833, 98.5833, 98.5833, 98.5833, 


get_ttv_data
num_flops:
[2071556, 20453076, 169283856, 2082406, 22986226, 189849004, 1997192, 21536064, 199322508, 2035756, 22583220, 220823938, 3297904, 39114272, 218381184]
num_bytes_coo:
[17039496.0, 150590162.66666666, 1177172062.2222223, 136283550.6666667, 261277210.93333334, 1410003135.1111112, 235123661.0909091, 331398342.15384614, 1478240409.6, 262749265.4117647, 374029426.9473684, 1667372494.2857141, 333130441.73913044, 529974835.84, 1618565831.7037036]
num_bytes_hicoo:
[17039496.0, 150590162.66666666, 1177172062.2222223, 136283550.6666667, 261277210.93333334, 1410003135.1111112, 235123661.0909091, 331398342.15384614, 1478240409.6, 262749265.4117647, 374029426.9473684, 1667372494.2857141, 333130441.73913044, 529974835.84, 1618565831.7037036]

times_coo:
0.0027, 0.0186, 0.1480, 0.0063, 0.0413, 0.4355, 0.0047, 0.0252, 0.2024, 0.0065, 0.0420, 0.4796, 0.0045, 0.0323, 0.1705, 
times_hicoo:
0.0014, 0.0195, 0.1468, 0.0022, 0.0413, 0.4398, 0.0016, 0.0250, 0.2026, 0.0019, 0.0427, 0.4893, 0.0023, 0.0309, 0.1719, 

gbytes_coo:
6.2207, 8.0770, 7.9561, 21.5347, 6.3234, 3.2380, 50.4124, 13.1721, 7.3025, 40.2024, 8.8995, 3.4763, 73.8945, 16.4234, 9.4947, 
gbytes_hicoo:
12.0803, 7.7295, 8.0202, 62.8268, 6.3242, 3.2060, 150.5641, 13.2777, 7.2972, 135.8230, 8.7661, 3.4078, 147.1523, 17.1757, 9.4139, 

oi_coo:
0.1216, 0.1358, 0.1438, 0.0153, 0.0880, 0.1346, 0.0085, 0.0650, 0.1348, 0.0077, 0.0604, 0.1324, 0.0099, 0.0738, 0.1349, 
oi_hicoo:
0.1216, 0.1358, 0.1438, 0.0153, 0.0880, 0.1346, 0.0085, 0.0650, 0.1348, 0.0077, 0.0604, 0.1324, 0.0099, 0.0738, 0.1349, 

gflops_coo:
0.76, 1.10, 1.14, 0.33, 0.56, 0.44, 0.43, 0.86, 0.98, 0.31, 0.54, 0.46, 0.73, 1.21, 1.28, 
gflops_hicoo:
1.47, 1.05, 1.15, 0.96, 0.56, 0.43, 1.28, 0.86, 0.98, 1.05, 0.53, 0.45, 1.46, 1.27, 1.27, 

predicted_gflops_mem_coo:
23.0990, 25.8057, 27.3231, 2.9032, 16.7155, 25.5824, 1.6139, 12.3472, 25.6192, 1.4721, 11.4719, 25.1633, 1.8810, 14.0228, 25.6353, 
predicted_gflops_mem_hicoo:
23.0990, 25.8057, 27.3231, 2.9032, 16.7155, 25.5824, 1.6139, 12.3472, 25.6192, 1.4721, 11.4719, 25.1633, 1.8810, 14.0228, 25.6353, 

predicted_gflops_cache_coo:
143.8218, 160.6744, 170.1219, 18.0762, 104.0761, 159.2843, 10.0487, 76.8778, 159.5130, 9.1658, 71.4274, 156.6745, 11.7114, 87.3102, 159.6135, 
predicted_gflops_cache_hicoo:
143.8218, 160.6744, 170.1219, 18.0762, 104.0761, 159.2843, 10.0487, 76.8778, 159.5130, 9.1658, 71.4274, 156.6745, 11.7114, 87.3102, 159.6135, 


get_ttm_data
num_flops:
[33144896, 327249216, 2708541696, 33318496, 367779616, 3037584064, 31955072, 344577024, 3189160128, 32572096, 361331520, 3533183008, 52766464, 625828352, 3494098944]
num_bytes_coo:
[95321736.0, 861733416.0, 6820828984.0, 632017632.0000001, 1382623483.2, 8053655144.0, 1076031202.909091, 1685117115.6923077, 8445984415.2, 1200693498.3529413, 1886381401.2631578, 9490591666.285713, 1528768123.826087, 2736915209.2799997, 9248976898.666668]
num_bytes_hicoo:
[95321736.0, 861733416.0, 6820828984.0, 632017632.0000001, 1382623483.2, 8053655144.0, 1076031202.909091, 1685117115.6923077, 8445984415.2, 1200693498.3529413, 1886381401.2631578, 9490591666.285713, 1528768123.826087, 2736915209.2799997, 9248976898.666668]

times_coo:
0.0135, 0.1234, 0.9904, 0.0185, 0.2981, 2.6743, 0.0138, 0.1363, 1.2245, 0.0159, 0.2757, 2.7247, 0.0205, 0.2263, 1.2462, 
times_hicoo:
0.0130, 0.1190, 0.9731, 0.0169, 0.2965, 2.6691, 0.0133, 0.1326, 1.2090, 0.0153, 0.2727, 2.7144, 0.0200, 0.2229, 1.2357, 

gbytes_coo:
7.0563, 6.9831, 6.8866, 34.0715, 4.6381, 3.0115, 77.8484, 12.3623, 6.8976, 75.4035, 6.8411, 3.4831, 74.6334, 12.0966, 7.4217, 
gbytes_hicoo:
7.3200, 7.2436, 7.0091, 37.4524, 4.6629, 3.0174, 80.9529, 12.7051, 6.9862, 78.6676, 6.9175, 3.4964, 76.5816, 12.2793, 7.4846, 

oi_coo:
0.3477, 0.3798, 0.3971, 0.0527, 0.2660, 0.3772, 0.0297, 0.2045, 0.3776, 0.0271, 0.1915, 0.3723, 0.0345, 0.2287, 0.3778, 
oi_hicoo:
0.3477, 0.3798, 0.3971, 0.0527, 0.2660, 0.3772, 0.0297, 0.2045, 0.3776, 0.0271, 0.1915, 0.3723, 0.0345, 0.2287, 0.3778, 

gflops_coo:
2.45, 2.65, 2.73, 1.80, 1.23, 1.14, 2.31, 2.53, 2.60, 2.05, 1.31, 1.30, 2.58, 2.77, 2.80, 
gflops_hicoo:
2.55, 2.75, 2.78, 1.97, 1.24, 1.14, 2.40, 2.60, 2.64, 2.13, 1.33, 1.30, 2.64, 2.81, 2.83, 

predicted_gflops_mem_coo:
66.0660, 72.1538, 75.4487, 10.0164, 50.5402, 71.6620, 5.6425, 38.8517, 71.7430, 5.1543, 36.3940, 70.7337, 6.5580, 43.4458, 71.7786, 
predicted_gflops_mem_hicoo:
66.0660, 72.1538, 75.4487, 10.0164, 50.5402, 71.6620, 5.6425, 38.8517, 71.7430, 5.1543, 36.3940, 70.7337, 6.5580, 43.4458, 71.7786, 

predicted_gflops_cache_coo:
411.3481, 449.2524, 469.7677, 62.3650, 314.6795, 446.1902, 35.1317, 241.9028, 446.6947, 32.0921, 226.6006, 440.4104, 40.8320, 270.5071, 446.9164, 
predicted_gflops_cache_hicoo:
411.3481, 449.2524, 469.7677, 62.3650, 314.6795, 446.1902, 35.1317, 241.9028, 446.6947, 32.0921, 226.6006, 440.4104, 40.8320, 270.5071, 446.9164, 


get_mttkrp_data
num_flops:
[49717344, 490873824, 4062812544, 49977744, 551669424, 4556376096, 63910144, 689154048, 6378320256, 65144192, 722663040, 7066366016, 105532928, 1251656704, 6988197888]
num_bytes_coo:
[281731616, 2781618336, 23022604416, 283207216, 3126126736, 25819464544, 339522640, 3661130880, 33884826360, 346078520, 3839147400, 37540069460, 560643680, 6649426240, 37124801280]
num_bytes_hicoo:
[271156834, 2688769814, 22241987736, 263338313, 3213805547, 26788814330, 325295296, 3528970576, 32664755936, 270456096, 3969605744, 38838664408, 540859232, 6414483872, 35814718080]

times_coo:
0.0168, 0.1677, 1.3858, 0.0248, 0.7527, 6.8645, 0.0372, 0.4037, 3.7281, 0.0446, 1.3311, 13.8758, 0.0613, 0.7239, 4.3316, 
times_hicoo:
0.0119, 0.1218, 1.0237, 0.0255, 0.5860, 5.9402, 0.0411, 0.4501, 4.1269, 0.0494, 1.4511, 14.9138, 0.0717, 0.7948, 4.4532, 

gbytes_coo:
16.7949, 16.5871, 16.6135, 11.4421, 4.1535, 3.7613, 9.1207, 9.0696, 9.0890, 7.7585, 2.8842, 2.7054, 9.1453, 9.1859, 8.5707, 
gbytes_hicoo:
22.6935, 22.0788, 21.7267, 10.3169, 5.4839, 4.5097, 7.9165, 7.8413, 7.9152, 5.4710, 2.7355, 2.6042, 7.5458, 8.0709, 8.0425, 

oi_coo:
0.1765, 0.1765, 0.1765, 0.1765, 0.1765, 0.1765, 0.1882, 0.1882, 0.1882, 0.1882, 0.1882, 0.1882, 0.1882, 0.1882, 0.1882, 
oi_hicoo:
0.1834, 0.1826, 0.1827, 0.1898, 0.1717, 0.1701, 0.1965, 0.1953, 0.1953, 0.2409, 0.1820, 0.1819, 0.1951, 0.1951, 0.1951, 

gflops_coo:
2.96, 2.93, 2.93, 2.02, 0.73, 0.66, 1.72, 1.71, 1.71, 1.46, 0.54, 0.51, 1.72, 1.73, 1.61, 
gflops_hicoo:
4.16, 4.03, 3.97, 1.96, 0.94, 0.77, 1.56, 1.53, 1.55, 1.32, 0.50, 0.47, 1.47, 1.57, 1.57, 

predicted_gflops_mem_coo:
33.5294, 33.5294, 33.5294, 33.5294, 33.5294, 33.5294, 35.7647, 35.7647, 35.7647, 35.7647, 35.7647, 35.7647, 35.7647, 35.7647, 35.7647, 
predicted_gflops_mem_hicoo:
34.8370, 34.6872, 34.7062, 36.0592, 32.6147, 32.3162, 37.3289, 37.1041, 37.1006, 45.7649, 34.5893, 34.5689, 37.0730, 37.0747, 37.0730, 

predicted_gflops_cache_coo:
208.7647, 208.7647, 208.7647, 208.7647, 208.7647, 208.7647, 222.6824, 222.6824, 222.6824, 222.6824, 222.6824, 222.6824, 222.6824, 222.6824, 222.6824, 
predicted_gflops_cache_hicoo:
216.9063, 215.9738, 216.0916, 224.5160, 203.0692, 201.2106, 232.4217, 231.0218, 230.9998, 284.9467, 215.3641, 215.2368, 230.8280, 230.8385, 230.8280, 


