intput_path: ../new-timing-results/new-timing-results-dgx2/
plot_tensors: graph
ang_pattern: 0
machine_name: dgx2
tk: 40
theo_gflops: 1408.00, theo_mem_bw: 79.00, theo_cache_bw: 851.00
tensors:
['3D_irregular_small', '3D_irregular_medium', '3D_irregular_large', '3D_regular_small', '3D_regular_medium', '3D_regular_large', '4D_irregular_small', '4D_irregular_medium', '4D_irregular_large', '4D_regular_small', '4D_regular_medium', '4D_regular_large', '4D_i_small', '4D_i_medium', '4D_i_large']

nnzs:
[1035778, 10226538, 84641928, 1041203, 11493113, 94924502, 998596, 10768032, 99661254, 1017878, 11291610, 110411969, 1648952, 19557136, 109190592]
nfibs:
[288135.0, 1741981.6666666667, 10091807.888888888, 7736819.666666667, 7709990.933333334, 16931819.444444444, 13946281.818181818, 12636372.384615384, 17644085.1, 15658420.588235294, 14908131.684210526, 21401804.14285714, 19583938.608695652, 18455575.24, 19267420.48148148]
nbs:
[10001, 77404, 994008, 927717, 11352731, 94653416, 11132, 147230, 880706, 762538, 11276956, 110335374, 124, 1356, 8496]
nnzbs:
[103, 132, 85, 1, 1, 1, 89, 73, 113, 1, 1, 1, 13298, 14422, 12852]

get_tew_data
num_flops:
[1035778, 10226538, 84641928, 1041203, 11493113, 94924502, 998596, 10768032, 99661254, 1017878, 11291610, 110411969, 1648952, 19557136, 109190592]
num_bytes_coo:
[12429336, 122718456, 1015703136, 12494436, 137917356, 1139094024, 11983152, 129216384, 1195935048, 12214536, 135499320, 1324943628, 19787424, 234685632, 1310287104]
num_bytes_hicoo:
[12429336, 122718456, 1015703136, 12494436, 137917356, 1139094024, 11983152, 129216384, 1195935048, 12214536, 135499320, 1324943628, 19787424, 234685632, 1310287104]

times_coo:
0.0000, 0.0011, 0.0274, 0.0037, 0.0054, 0.0303, 0.0024, 0.0015, 0.0261, 0.0033, 0.0032, 0.0281, 0.0035, 0.0034, 0.0277, 
times_hicoo:
0.0000, 0.0011, 0.0141, 0.0027, 0.0015, 0.0278, 0.0030, 0.0022, 0.0202, 0.0035, 0.0016, 0.0334, 0.0027, 0.0033, 0.0222, 

gbytes_coo:
468.8758, 106.9570, 37.1270, 3.3953, 25.7017, 37.5631, 4.9749, 85.4144, 45.7755, 3.6714, 41.7565, 47.1544, 5.6862, 69.4552, 47.2509, 
gbytes_hicoo:
512.0811, 108.9661, 71.8461, 4.6195, 93.1101, 41.0017, 3.9310, 57.5792, 59.1639, 3.5051, 86.6018, 39.6499, 7.3117, 70.5706, 58.8956, 

oi_coo:
0.0833, 0.0833, 0.0833, 0.0833, 0.0833, 0.0833, 0.0833, 0.0833, 0.0833, 0.0833, 0.0833, 0.0833, 0.0833, 0.0833, 0.0833, 
oi_hicoo:
0.0833, 0.0833, 0.0833, 0.0833, 0.0833, 0.0833, 0.0833, 0.0833, 0.0833, 0.0833, 0.0833, 0.0833, 0.0833, 0.0833, 0.0833, 

gflops_coo:
39.07, 8.91, 3.09, 0.28, 2.14, 3.13, 0.41, 7.12, 3.81, 0.31, 3.48, 3.93, 0.47, 5.79, 3.94, 
gflops_hicoo:
42.67, 9.08, 5.99, 0.38, 7.76, 3.42, 0.33, 4.80, 4.93, 0.29, 7.22, 3.30, 0.61, 5.88, 4.91, 

predicted_gflops_mem_coo:
6.5833, 6.5833, 6.5833, 6.5833, 6.5833, 6.5833, 6.5833, 6.5833, 6.5833, 6.5833, 6.5833, 6.5833, 6.5833, 6.5833, 6.5833, 
predicted_gflops_mem_hicoo:
6.5833, 6.5833, 6.5833, 6.5833, 6.5833, 6.5833, 6.5833, 6.5833, 6.5833, 6.5833, 6.5833, 6.5833, 6.5833, 6.5833, 6.5833, 

predicted_gflops_cache_coo:
70.9167, 70.9167, 70.9167, 70.9167, 70.9167, 70.9167, 70.9167, 70.9167, 70.9167, 70.9167, 70.9167, 70.9167, 70.9167, 70.9167, 70.9167, 
predicted_gflops_cache_hicoo:
70.9167, 70.9167, 70.9167, 70.9167, 70.9167, 70.9167, 70.9167, 70.9167, 70.9167, 70.9167, 70.9167, 70.9167, 70.9167, 70.9167, 70.9167, 


get_ts_data
num_flops:
[1035778, 10226538, 84641928, 1041203, 11493113, 94924502, 998596, 10768032, 99661254, 1017878, 11291610, 110411969, 1648952, 19557136, 109190592]
num_bytes_coo:
[12429336, 122718456, 1015703136, 12494436, 137917356, 1139094024, 11983152, 129216384, 1195935048, 12214536, 135499320, 1324943628, 19787424, 234685632, 1310287104]
num_bytes_hicoo:
[12429336, 122718456, 1015703136, 12494436, 137917356, 1139094024, 11983152, 129216384, 1195935048, 12214536, 135499320, 1324943628, 19787424, 234685632, 1310287104]

times_coo:
0.0012, 0.0022, 0.0158, 0.0036, 0.0011, 0.0178, 0.0034, 0.0018, 0.0099, 0.0013, 0.0001, 0.0106, 0.0033, 0.0007, 0.0103, 
times_hicoo:
0.0032, 0.0021, 0.0080, 0.0033, 0.0001, 0.0177, 0.0000, 0.0001, 0.0094, 0.0000, 0.0001, 0.0213, 0.0000, 0.0009, 0.0108, 

gbytes_coo:
10.4535, 55.9177, 64.2642, 3.4386, 131.1313, 64.0675, 3.5701, 69.8707, 120.4313, 9.2743, 1060.4243, 125.2966, 5.9343, 331.7441, 127.0694, 
gbytes_hicoo:
3.8475, 57.7955, 127.4128, 3.7464, 1045.2877, 64.2070, 730.2614, 1027.5918, 126.9485, 781.2303, 1033.3174, 62.1376, 958.0339, 268.6623, 121.5794, 

oi_coo:
0.0833, 0.0833, 0.0833, 0.0833, 0.0833, 0.0833, 0.0833, 0.0833, 0.0833, 0.0833, 0.0833, 0.0833, 0.0833, 0.0833, 0.0833, 
oi_hicoo:
0.0833, 0.0833, 0.0833, 0.0833, 0.0833, 0.0833, 0.0833, 0.0833, 0.0833, 0.0833, 0.0833, 0.0833, 0.0833, 0.0833, 0.0833, 

gflops_coo:
0.87, 4.66, 5.36, 0.29, 10.93, 5.34, 0.30, 5.82, 10.04, 0.77, 88.37, 10.44, 0.49, 27.65, 10.59, 
gflops_hicoo:
0.32, 4.82, 10.62, 0.31, 87.11, 5.35, 60.86, 85.63, 10.58, 65.10, 86.11, 5.18, 79.84, 22.39, 10.13, 

predicted_gflops_mem_coo:
6.5833, 6.5833, 6.5833, 6.5833, 6.5833, 6.5833, 6.5833, 6.5833, 6.5833, 6.5833, 6.5833, 6.5833, 6.5833, 6.5833, 6.5833, 
predicted_gflops_mem_hicoo:
6.5833, 6.5833, 6.5833, 6.5833, 6.5833, 6.5833, 6.5833, 6.5833, 6.5833, 6.5833, 6.5833, 6.5833, 6.5833, 6.5833, 6.5833, 

predicted_gflops_cache_coo:
70.9167, 70.9167, 70.9167, 70.9167, 70.9167, 70.9167, 70.9167, 70.9167, 70.9167, 70.9167, 70.9167, 70.9167, 70.9167, 70.9167, 70.9167, 
predicted_gflops_cache_hicoo:
70.9167, 70.9167, 70.9167, 70.9167, 70.9167, 70.9167, 70.9167, 70.9167, 70.9167, 70.9167, 70.9167, 70.9167, 70.9167, 70.9167, 70.9167, 


get_ttv_data
num_flops:
[2071556, 20453076, 169283856, 2082406, 22986226, 189849004, 1997192, 21536064, 199322508, 2035756, 22583220, 220823938, 3297904, 39114272, 218381184]
num_bytes_coo:
[17039496.0, 150590162.66666666, 1177172062.2222223, 136283550.6666667, 261277210.93333334, 1410003135.1111112, 235123661.0909091, 331398342.15384614, 1478240409.6, 262749265.4117647, 374029426.9473684, 1667372494.2857141, 333130441.73913044, 529974835.84, 1618565831.7037036]
num_bytes_hicoo:
[17039496.0, 150590162.66666666, 1177172062.2222223, 136283550.6666667, 261277210.93333334, 1410003135.1111112, 235123661.0909091, 331398342.15384614, 1478240409.6, 262749265.4117647, 374029426.9473684, 1667372494.2857141, 333130441.73913044, 529974835.84, 1618565831.7037036]

times_coo:
0.0035, 0.0063, 0.0381, 0.0053, 0.0140, 0.0816, 0.0043, 0.0068, 0.0604, 0.0059, 0.0133, 0.0980, 0.0026, 0.0120, 0.0401, 
times_hicoo:
0.0036, 0.0071, 0.0336, 0.0036, 0.0100, 0.0777, 0.0021, 0.0075, 0.0570, 0.0023, 0.0108, 0.0970, 0.0025, 0.0092, 0.0373, 

gbytes_coo:
4.8539, 24.0423, 30.8752, 25.6933, 18.6500, 17.2728, 54.2353, 48.6906, 24.4737, 44.5848, 28.1526, 17.0219, 127.8526, 43.9956, 40.3179, 
gbytes_hicoo:
4.6704, 21.2359, 35.0400, 37.6717, 26.0127, 18.1508, 111.9831, 44.0300, 25.9407, 112.4533, 34.4787, 17.1910, 132.8978, 57.7699, 43.3570, 

oi_coo:
0.1216, 0.1358, 0.1438, 0.0153, 0.0880, 0.1346, 0.0085, 0.0650, 0.1348, 0.0077, 0.0604, 0.1324, 0.0099, 0.0738, 0.1349, 
oi_hicoo:
0.1216, 0.1358, 0.1438, 0.0153, 0.0880, 0.1346, 0.0085, 0.0650, 0.1348, 0.0077, 0.0604, 0.1324, 0.0099, 0.0738, 0.1349, 

gflops_coo:
0.59, 3.27, 4.44, 0.39, 1.64, 2.33, 0.46, 3.16, 3.30, 0.35, 1.70, 2.25, 1.27, 3.25, 5.44, 
gflops_hicoo:
0.57, 2.88, 5.04, 0.58, 2.29, 2.44, 0.95, 2.86, 3.50, 0.87, 2.08, 2.28, 1.32, 4.26, 5.85, 

predicted_gflops_mem_coo:
9.6043, 10.7297, 11.3606, 1.2071, 6.9501, 10.6369, 0.6710, 5.1338, 10.6522, 0.6121, 4.7699, 10.4626, 0.7821, 5.8305, 10.6589, 
predicted_gflops_mem_hicoo:
9.6043, 10.7297, 11.3606, 1.2071, 6.9501, 10.6369, 0.6710, 5.1338, 10.6522, 0.6121, 4.7699, 10.4626, 0.7821, 5.8305, 10.6589, 

predicted_gflops_cache_coo:
103.4593, 115.5824, 122.3785, 13.0032, 74.8679, 114.5824, 7.2286, 55.3026, 114.7469, 6.5935, 51.3818, 112.7050, 8.4247, 62.8072, 114.8192, 
predicted_gflops_cache_hicoo:
103.4593, 115.5824, 122.3785, 13.0032, 74.8679, 114.5824, 7.2286, 55.3026, 114.7469, 6.5935, 51.3818, 112.7050, 8.4247, 62.8072, 114.8192, 


get_ttm_data
num_flops:
[33144896, 327249216, 2708541696, 33318496, 367779616, 3037584064, 31955072, 344577024, 3189160128, 32572096, 361331520, 3533183008, 52766464, 625828352, 3494098944]
num_bytes_coo:
[95321736.0, 861733416.0, 6820828984.0, 632017632.0000001, 1382623483.2, 8053655144.0, 1076031202.909091, 1685117115.6923077, 8445984415.2, 1200693498.3529413, 1886381401.2631578, 9490591666.285713, 1528768123.826087, 2736915209.2799997, 9248976898.666668]
num_bytes_hicoo:
[95321736.0, 861733416.0, 6820828984.0, 632017632.0000001, 1382623483.2, 8053655144.0, 1076031202.909091, 1685117115.6923077, 8445984415.2, 1200693498.3529413, 1886381401.2631578, 9490591666.285713, 1528768123.826087, 2736915209.2799997, 9248976898.666668]

times_coo:
0.0032, 0.0107, 0.1252, 0.0022, 0.0251, 0.3256, 0.0050, 0.0138, 0.1690, 0.0032, 0.0251, 0.3360, 0.0041, 0.0178, 0.1266, 
times_hicoo:
0.0048, 0.0109, 0.1193, 0.0037, 0.0278, 0.2948, 0.0050, 0.0179, 0.1688, 0.0038, 0.0288, 0.3511, 0.0050, 0.0203, 0.1289, 

gbytes_coo:
29.8135, 80.5777, 54.4719, 293.8276, 55.1538, 24.7350, 216.5398, 122.1076, 49.9710, 372.0792, 75.0363, 28.2463, 369.7399, 153.6111, 73.0805, 
gbytes_hicoo:
19.8913, 79.1087, 57.1933, 170.8935, 49.7987, 27.3183, 213.0833, 93.9782, 50.0331, 318.1154, 65.4691, 27.0340, 307.9586, 135.1316, 71.7630, 

oi_coo:
0.3477, 0.3798, 0.3971, 0.0527, 0.2660, 0.3772, 0.0297, 0.2045, 0.3776, 0.0271, 0.1915, 0.3723, 0.0345, 0.2287, 0.3778, 
oi_hicoo:
0.3477, 0.3798, 0.3971, 0.0527, 0.2660, 0.3772, 0.0297, 0.2045, 0.3776, 0.0271, 0.1915, 0.3723, 0.0345, 0.2287, 0.3778, 

gflops_coo:
10.37, 30.60, 21.63, 15.49, 14.67, 9.33, 6.43, 24.97, 18.87, 10.09, 14.37, 10.52, 12.76, 35.13, 27.61, 
gflops_hicoo:
6.92, 30.04, 22.71, 9.01, 13.25, 10.30, 6.33, 19.22, 18.89, 8.63, 12.54, 10.06, 10.63, 30.90, 27.11, 

predicted_gflops_mem_coo:
27.4696, 30.0008, 31.3708, 4.1647, 21.0141, 29.7963, 2.3461, 16.1541, 29.8300, 2.1431, 15.1322, 29.4103, 2.7267, 18.0643, 29.8448, 
predicted_gflops_mem_hicoo:
27.4696, 30.0008, 31.3708, 4.1647, 21.0141, 29.7963, 2.3461, 16.1541, 29.8300, 2.1431, 15.1322, 29.4103, 2.7267, 18.0643, 29.8448, 

predicted_gflops_cache_coo:
295.9063, 323.1731, 337.9309, 44.8627, 226.3671, 320.9703, 25.2723, 174.0146, 321.3332, 23.0857, 163.0069, 316.8126, 29.3728, 194.5913, 321.4927, 
predicted_gflops_cache_hicoo:
295.9063, 323.1731, 337.9309, 44.8627, 226.3671, 320.9703, 25.2723, 174.0146, 321.3332, 23.0857, 163.0069, 316.8126, 29.3728, 194.5913, 321.4927, 


get_mttkrp_data
num_flops:
[49717344, 490873824, 4062812544, 49977744, 551669424, 4556376096, 63910144, 689154048, 6378320256, 65144192, 722663040, 7066366016, 105532928, 1251656704, 6988197888]
num_bytes_coo:
[281731616, 2781618336, 23022604416, 283207216, 3126126736, 25819464544, 339522640, 3661130880, 33884826360, 346078520, 3839147400, 37540069460, 560643680, 6649426240, 37124801280]
num_bytes_hicoo:
[271156834, 2688769814, 22241987736, 263338313, 3213805547, 26788814330, 325295296, 3528970576, 32664755936, 270456096, 3969605744, 38838664408, 540859232, 6414483872, 35814718080]

times_coo:
0.0209, 0.1133, 0.7960, 0.0109, 0.0619, 0.6310, 0.0279, 0.2439, 2.0264, 0.0253, 0.2645, 2.6858, 0.0864, 0.6270, 2.3905, 
times_hicoo:
0.0229, 0.1496, 1.0236, 0.0140, 0.0937, 0.7710, 0.0277, 0.1945, 1.1609, 0.0289, 0.3423, 3.3401, 0.0928, 0.4450, 1.6510, 

gbytes_coo:
13.4740, 24.5438, 28.9232, 25.9681, 50.4883, 40.9209, 12.1844, 15.0121, 16.7213, 13.6770, 14.5142, 13.9773, 6.4854, 10.6055, 15.5298, 
gbytes_hicoo:
11.8405, 17.9764, 21.7284, 18.8491, 34.3082, 34.7477, 11.7516, 18.1409, 28.1381, 9.3607, 11.5963, 11.6281, 5.8266, 14.4152, 21.6933, 

oi_coo:
0.1765, 0.1765, 0.1765, 0.1765, 0.1765, 0.1765, 0.1882, 0.1882, 0.1882, 0.1882, 0.1882, 0.1882, 0.1882, 0.1882, 0.1882, 
oi_hicoo:
0.1834, 0.1826, 0.1827, 0.1898, 0.1717, 0.1701, 0.1965, 0.1953, 0.1953, 0.2409, 0.1820, 0.1819, 0.1951, 0.1951, 0.1951, 

gflops_coo:
2.38, 4.33, 5.10, 4.58, 8.91, 7.22, 2.29, 2.83, 3.15, 2.57, 2.73, 2.63, 1.22, 2.00, 2.92, 
gflops_hicoo:
2.17, 3.28, 3.97, 3.58, 5.89, 5.91, 2.31, 3.54, 5.49, 2.25, 2.11, 2.12, 1.14, 2.81, 4.23, 

predicted_gflops_mem_coo:
13.9412, 13.9412, 13.9412, 13.9412, 13.9412, 13.9412, 14.8706, 14.8706, 14.8706, 14.8706, 14.8706, 14.8706, 14.8706, 14.8706, 14.8706, 
predicted_gflops_mem_hicoo:
14.4849, 14.4226, 14.4305, 14.9930, 13.5608, 13.4367, 15.5210, 15.4275, 15.4260, 19.0286, 14.3819, 14.3734, 15.4145, 15.4153, 15.4145, 

predicted_gflops_cache_coo:
150.1765, 150.1765, 150.1765, 150.1765, 150.1765, 150.1765, 160.1882, 160.1882, 160.1882, 160.1882, 160.1882, 160.1882, 160.1882, 160.1882, 160.1882, 
predicted_gflops_cache_hicoo:
156.0332, 155.3624, 155.4471, 161.5073, 146.0794, 144.7424, 167.1943, 166.1873, 166.1715, 204.9786, 154.9238, 154.8322, 166.0479, 166.0554, 166.0478, 


