intput_path: ../new-timing-results/new-timing-results-wingtip-bigmem2/
plot_tensors: graph
ang_pattern: 0
machine_name: wingtip-bigmem2
theo_gflops: 1971.00, theo_mem_bw: 188.00, theo_cache_bw: 1540.00
tensors:
['3D_irregular_small', '3D_irregular_medium', '3D_irregular_large', '3D_regular_small', '3D_regular_medium', '3D_regular_large', '4D_irregular_small', '4D_irregular_medium', '4D_irregular_large', '4D_regular_small', '4D_regular_medium', '4D_regular_large', '4D_i_small', '4D_i_medium', '4D_i_large']

nnzs:
[1035778, 10226538, 84641928, 1041203, 11493113, 94924502, 998596, 10768032, 99661254, 1017878, 11291610, 110411969, 1648952, 19557136, 109190592]
nfibs:
[288135.0, 1741981.6666666667, 10091807.888888888, 7736819.666666667, 7709990.933333334, 16931819.444444444, 13946281.818181818, 12636372.384615384, 17644085.1, 15658420.588235294, 14908131.684210526, 21401804.14285714, 19583938.608695652, 18455575.24, 19267420.48148148]
nbs:
[10001, 77404, 994008, 927717, 11352731, 94653416, 11132, 147230, 880706, 762538, 11276956, 110335374, 124, 1356, 8496]
nnzbs:
[103, 132, 85, 1, 1, 1, 89, 73, 113, 1, 1, 1, 13298, 14422, 12852]

get_tew_data
num_flops:
[1035778, 10226538, 84641928, 1041203, 11493113, 94924502, 998596, 10768032, 99661254, 1017878, 11291610, 110411969, 1648952, 19557136, 109190592]
num_bytes_coo:
[12429336, 122718456, 1015703136, 12494436, 137917356, 1139094024, 11983152, 129216384, 1195935048, 12214536, 135499320, 1324943628, 19787424, 234685632, 1310287104]
num_bytes_hicoo:
[12429336, 122718456, 1015703136, 12494436, 137917356, 1139094024, 11983152, 129216384, 1195935048, 12214536, 135499320, 1324943628, 19787424, 234685632, 1310287104]

times_coo:
0.0008, 0.0150, 0.1595, 0.0009, 0.0255, 0.1767, 0.0009, 0.0250, 0.1863, 0.0010, 0.0231, 0.2308, 0.0018, 0.0387, 0.2144, 
times_hicoo:
0.0011, 0.0133, 0.1181, 0.0012, 0.0150, 0.1272, 0.0010, 0.0139, 0.1366, 0.0012, 0.0150, 0.1462, 0.0017, 0.0253, 0.1452, 

gbytes_coo:
14.7880, 8.1754, 6.3685, 14.0181, 5.4152, 6.4477, 12.7504, 5.1600, 6.4204, 12.5347, 5.8625, 5.7417, 11.0940, 6.0650, 6.1128, 
gbytes_hicoo:
11.5054, 9.2149, 8.5977, 10.1427, 9.2087, 8.9577, 12.1930, 9.2922, 8.7564, 10.2876, 9.0618, 9.0604, 11.4357, 9.2793, 9.0263, 

oi_coo:
0.0833, 0.0833, 0.0833, 0.0833, 0.0833, 0.0833, 0.0833, 0.0833, 0.0833, 0.0833, 0.0833, 0.0833, 0.0833, 0.0833, 0.0833, 
oi_hicoo:
0.0833, 0.0833, 0.0833, 0.0833, 0.0833, 0.0833, 0.0833, 0.0833, 0.0833, 0.0833, 0.0833, 0.0833, 0.0833, 0.0833, 0.0833, 

gflops_coo:
1.23, 0.68, 0.53, 1.17, 0.45, 0.54, 1.06, 0.43, 0.54, 1.04, 0.49, 0.48, 0.92, 0.51, 0.51, 
gflops_hicoo:
0.96, 0.77, 0.72, 0.85, 0.77, 0.75, 1.02, 0.77, 0.73, 0.86, 0.76, 0.76, 0.95, 0.77, 0.75, 

predicted_gflops_mem_coo:
15.6667, 15.6667, 15.6667, 15.6667, 15.6667, 15.6667, 15.6667, 15.6667, 15.6667, 15.6667, 15.6667, 15.6667, 15.6667, 15.6667, 15.6667, 
predicted_gflops_mem_hicoo:
15.6667, 15.6667, 15.6667, 15.6667, 15.6667, 15.6667, 15.6667, 15.6667, 15.6667, 15.6667, 15.6667, 15.6667, 15.6667, 15.6667, 15.6667, 

predicted_gflops_cache_coo:
128.3333, 128.3333, 128.3333, 128.3333, 128.3333, 128.3333, 128.3333, 128.3333, 128.3333, 128.3333, 128.3333, 128.3333, 128.3333, 128.3333, 128.3333, 
predicted_gflops_cache_hicoo:
128.3333, 128.3333, 128.3333, 128.3333, 128.3333, 128.3333, 128.3333, 128.3333, 128.3333, 128.3333, 128.3333, 128.3333, 128.3333, 128.3333, 128.3333, 


get_ts_data
num_flops:
[1035778, 10226538, 84641928, 1041203, 11493113, 94924502, 998596, 10768032, 99661254, 1017878, 11291610, 110411969, 1648952, 19557136, 109190592]
num_bytes_coo:
[12429336, 122718456, 1015703136, 12494436, 137917356, 1139094024, 11983152, 129216384, 1195935048, 12214536, 135499320, 1324943628, 19787424, 234685632, 1310287104]
num_bytes_hicoo:
[12429336, 122718456, 1015703136, 12494436, 137917356, 1139094024, 11983152, 129216384, 1195935048, 12214536, 135499320, 1324943628, 19787424, 234685632, 1310287104]

times_coo:
0.0002, 0.0064, 0.0505, 0.0002, 0.0066, 0.0583, 0.0002, 0.0062, 0.0610, 0.0003, 0.0067, 0.0688, 0.0004, 0.0117, 0.0778, 
times_hicoo:
0.0010, 0.0084, 0.0654, 0.0010, 0.0093, 0.0727, 0.0009, 0.0089, 0.0786, 0.0009, 0.0094, 0.0862, 0.0015, 0.0160, 0.0842, 

times_coo:
0.0002, 0.0064, 0.0505, 0.0002, 0.0066, 0.0583, 0.0002, 0.0062, 0.0610, 0.0003, 0.0067, 0.0688, 0.0004, 0.0117, 0.0778, 
times_hicoo:
0.0010, 0.0084, 0.0654, 0.0010, 0.0093, 0.0727, 0.0009, 0.0089, 0.0786, 0.0009, 0.0094, 0.0862, 0.0015, 0.0160, 0.0842, 

gbytes_coo:
50.2911, 19.1363, 20.1252, 51.4117, 20.8886, 19.5427, 51.0390, 20.8858, 19.5950, 48.6781, 20.1633, 19.2537, 46.3404, 19.9947, 16.8409, 
gbytes_hicoo:
12.5284, 14.5386, 15.5393, 12.6136, 14.7633, 15.6681, 13.6079, 14.4854, 15.2067, 13.1709, 14.3809, 15.3656, 12.9377, 14.6643, 15.5602, 

oi_coo:
0.0833, 0.0833, 0.0833, 0.0833, 0.0833, 0.0833, 0.0833, 0.0833, 0.0833, 0.0833, 0.0833, 0.0833, 0.0833, 0.0833, 0.0833, 
oi_hicoo:
0.0833, 0.0833, 0.0833, 0.0833, 0.0833, 0.0833, 0.0833, 0.0833, 0.0833, 0.0833, 0.0833, 0.0833, 0.0833, 0.0833, 0.0833, 

gflops_coo:
4.19, 1.59, 1.68, 4.28, 1.74, 1.63, 4.25, 1.74, 1.63, 4.06, 1.68, 1.60, 3.86, 1.67, 1.40, 
gflops_hicoo:
1.04, 1.21, 1.29, 1.05, 1.23, 1.31, 1.13, 1.21, 1.27, 1.10, 1.20, 1.28, 1.08, 1.22, 1.30, 

predicted_gflops_mem_coo:
15.6667, 15.6667, 15.6667, 15.6667, 15.6667, 15.6667, 15.6667, 15.6667, 15.6667, 15.6667, 15.6667, 15.6667, 15.6667, 15.6667, 15.6667, 
predicted_gflops_mem_hicoo:
15.6667, 15.6667, 15.6667, 15.6667, 15.6667, 15.6667, 15.6667, 15.6667, 15.6667, 15.6667, 15.6667, 15.6667, 15.6667, 15.6667, 15.6667, 

predicted_gflops_cache_coo:
128.3333, 128.3333, 128.3333, 128.3333, 128.3333, 128.3333, 128.3333, 128.3333, 128.3333, 128.3333, 128.3333, 128.3333, 128.3333, 128.3333, 128.3333, 
predicted_gflops_cache_hicoo:
128.3333, 128.3333, 128.3333, 128.3333, 128.3333, 128.3333, 128.3333, 128.3333, 128.3333, 128.3333, 128.3333, 128.3333, 128.3333, 128.3333, 128.3333, 


get_ttv_data
num_flops:
[2071556, 20453076, 169283856, 2082406, 22986226, 189849004, 1997192, 21536064, 199322508, 2035756, 22583220, 220823938, 3297904, 39114272, 218381184]
num_bytes_coo:
[17039496.0, 150590162.66666666, 1177172062.2222223, 136283550.6666667, 261277210.93333334, 1410003135.1111112, 235123661.0909091, 331398342.15384614, 1478240409.6, 262749265.4117647, 374029426.9473684, 1667372494.2857141, 333130441.73913044, 529974835.84, 1618565831.7037036]
num_bytes_hicoo:
[17039496.0, 150590162.66666666, 1177172062.2222223, 136283550.6666667, 261277210.93333334, 1410003135.1111112, 235123661.0909091, 331398342.15384614, 1478240409.6, 262749265.4117647, 374029426.9473684, 1667372494.2857141, 333130441.73913044, 529974835.84, 1618565831.7037036]

times_coo:
0.0016, 0.0292, 0.2947, 0.0028, 0.0671, 0.7472, 0.0019, 0.0394, 0.4043, 0.0024, 0.0743, 0.8410, 0.0029, 0.0544, 0.3036, 
times_hicoo:
0.0023, 0.0309, 0.2817, 0.0039, 0.0704, 0.7375, 0.0027, 0.0422, 0.3739, 0.0034, 0.0738, 0.8466, 0.0037, 0.0495, 0.2633, 

gbytes_coo:
10.4609, 5.1633, 3.9949, 48.3364, 3.8952, 1.8871, 124.6068, 8.4009, 3.6559, 109.5248, 5.0317, 1.9827, 115.9681, 9.7366, 5.3315, 
gbytes_hicoo:
7.5184, 4.8699, 4.1783, 35.1779, 3.7119, 1.9118, 85.5562, 7.8457, 3.9538, 77.1876, 5.0659, 1.9696, 90.4078, 10.7052, 6.1468, 

oi_coo:
0.1216, 0.1358, 0.1438, 0.0153, 0.0880, 0.1346, 0.0085, 0.0650, 0.1348, 0.0077, 0.0604, 0.1324, 0.0099, 0.0738, 0.1349, 
oi_hicoo:
0.1216, 0.1358, 0.1438, 0.0153, 0.0880, 0.1346, 0.0085, 0.0650, 0.1348, 0.0077, 0.0604, 0.1324, 0.0099, 0.0738, 0.1349, 

gflops_coo:
1.27, 0.70, 0.57, 0.74, 0.34, 0.25, 1.06, 0.55, 0.49, 0.85, 0.30, 0.26, 1.15, 0.72, 0.72, 
gflops_hicoo:
0.91, 0.66, 0.60, 0.54, 0.33, 0.26, 0.73, 0.51, 0.53, 0.60, 0.31, 0.26, 0.90, 0.79, 0.83, 

predicted_gflops_mem_coo:
22.8559, 25.5341, 27.0354, 2.8726, 16.5396, 25.3131, 1.5969, 12.2173, 25.3495, 1.4566, 11.3511, 24.8984, 1.8612, 13.8752, 25.3655, 
predicted_gflops_mem_hicoo:
22.8559, 25.5341, 27.0354, 2.8726, 16.5396, 25.3131, 1.5969, 12.2173, 25.3495, 1.4566, 11.3511, 24.8984, 1.8612, 13.8752, 25.3655, 

predicted_gflops_cache_coo:
187.2236, 209.1620, 221.4605, 23.5311, 135.4836, 207.3524, 13.0811, 100.0776, 207.6500, 11.9318, 92.9824, 203.9549, 15.2456, 113.6582, 207.7809, 
predicted_gflops_cache_hicoo:
187.2236, 209.1620, 221.4605, 23.5311, 135.4836, 207.3524, 13.0811, 100.0776, 207.6500, 11.9318, 92.9824, 203.9549, 15.2456, 113.6582, 207.7809, 


get_ttm_data
num_flops:
[33144896, 327249216, 2708541696, 33318496, 367779616, 3037584064, 31955072, 344577024, 3189160128, 32572096, 361331520, 3533183008, 52766464, 625828352, 3494098944]
num_bytes_coo:
[95321736.0, 861733416.0, 6820828984.0, 632017632.0000001, 1382623483.2, 8053655144.0, 1076031202.909091, 1685117115.6923077, 8445984415.2, 1200693498.3529413, 1886381401.2631578, 9490591666.285713, 1528768123.826087, 2736915209.2799997, 9248976898.666668]
num_bytes_hicoo:
[95321736.0, 861733416.0, 6820828984.0, 632017632.0000001, 1382623483.2, 8053655144.0, 1076031202.909091, 1685117115.6923077, 8445984415.2, 1200693498.3529413, 1886381401.2631578, 9490591666.285713, 1528768123.826087, 2736915209.2799997, 9248976898.666668]

times_coo:
0.0184, 0.1918, 1.8413, 0.0249, 0.4797, 5.2962, 0.0183, 0.2047, 1.8779, 0.0225, 0.4808, 5.0009, 0.0270, 0.3305, 1.8558, 
times_hicoo:
0.0187, 0.1846, 1.7938, 0.0267, 0.4876, 5.3243, 0.0207, 0.1991, 1.8433, 0.0247, 0.4774, 5.1202, 0.0284, 0.3240, 1.7996, 

gbytes_coo:
5.1839, 4.4939, 3.7044, 25.4192, 2.8823, 1.5206, 58.6641, 8.2307, 4.4975, 53.4260, 3.9234, 1.8978, 56.5306, 8.2822, 4.9838, 
gbytes_hicoo:
5.1099, 4.6674, 3.8025, 23.6466, 2.8354, 1.5126, 51.8700, 8.4618, 4.5820, 48.6162, 3.9510, 1.8535, 53.8874, 8.4474, 5.1396, 

oi_coo:
0.3477, 0.3798, 0.3971, 0.0527, 0.2660, 0.3772, 0.0297, 0.2045, 0.3776, 0.0271, 0.1915, 0.3723, 0.0345, 0.2287, 0.3778, 
oi_hicoo:
0.3477, 0.3798, 0.3971, 0.0527, 0.2660, 0.3772, 0.0297, 0.2045, 0.3776, 0.0271, 0.1915, 0.3723, 0.0345, 0.2287, 0.3778, 

gflops_coo:
1.80, 1.71, 1.47, 1.34, 0.77, 0.57, 1.74, 1.68, 1.70, 1.45, 0.75, 0.71, 1.95, 1.89, 1.88, 
gflops_hicoo:
1.78, 1.77, 1.51, 1.25, 0.75, 0.57, 1.54, 1.73, 1.73, 1.32, 0.76, 0.69, 1.86, 1.93, 1.94, 

predicted_gflops_mem_coo:
65.3706, 71.3943, 74.6545, 9.9109, 50.0082, 70.9077, 5.5831, 38.4427, 70.9878, 5.1000, 36.0109, 69.9891, 6.4889, 42.9884, 71.0231, 
predicted_gflops_mem_hicoo:
65.3706, 71.3943, 74.6545, 9.9109, 50.0082, 70.9077, 5.5831, 38.4427, 70.9878, 5.1000, 36.0109, 69.9891, 6.4889, 42.9884, 71.0231, 

predicted_gflops_cache_coo:
535.4827, 584.8256, 611.5319, 81.1852, 409.6420, 580.8393, 45.7336, 314.9031, 581.4961, 41.7767, 294.9831, 573.3153, 53.1541, 352.1394, 581.7846, 
predicted_gflops_cache_hicoo:
535.4827, 584.8256, 611.5319, 81.1852, 409.6420, 580.8393, 45.7336, 314.9031, 581.4961, 41.7767, 294.9831, 573.3153, 53.1541, 352.1394, 581.7846, 


get_mttkrp_data
num_flops:
[49717344, 490873824, 4062812544, 49977744, 551669424, 4556376096, 63910144, 689154048, 6378320256, 65144192, 722663040, 7066366016, 105532928, 1251656704, 6988197888]
num_bytes_coo:
[281731616, 2781618336, 23022604416, 283207216, 3126126736, 25819464544, 339522640, 3661130880, 33884826360, 346078520, 3839147400, 37540069460, 560643680, 6649426240, 37124801280]
num_bytes_hicoo:
[271156834, 2688769814, 22241987736, 263338313, 3213805547, 26788814330, 325295296, 3528970576, 32664755936, 270456096, 3969605744, 38838664408, 540859232, 6414483872, 35814718080]

times_coo:
0.0229, 0.2374, 1.9652, 0.0358, 1.1881, 14.9757, 0.0598, 0.6604, 6.0987, 0.0712, 2.1029, 23.0629, 0.0994, 1.2471, 6.6773, 
times_hicoo:
0.0205, 0.2117, 1.7549, 0.0377, 0.8947, 12.6657, 0.0633, 0.7018, 6.4463, 0.0778, 2.0083, 22.6337, 0.1038, 1.2294, 6.9018, 

gbytes_coo:
12.2844, 11.7148, 11.7150, 7.9068, 2.6313, 1.7241, 5.6748, 5.5442, 5.5561, 4.8620, 1.8257, 1.6277, 5.6425, 5.3320, 5.5599, 
gbytes_hicoo:
13.2362, 12.6988, 12.6739, 6.9830, 3.5920, 2.1151, 5.1429, 5.0286, 5.0672, 3.4753, 1.9766, 1.7160, 5.2126, 5.2177, 5.1892, 

oi_coo:
0.1765, 0.1765, 0.1765, 0.1765, 0.1765, 0.1765, 0.1882, 0.1882, 0.1882, 0.1882, 0.1882, 0.1882, 0.1882, 0.1882, 0.1882, 
oi_hicoo:
0.1834, 0.1826, 0.1827, 0.1898, 0.1717, 0.1701, 0.1965, 0.1953, 0.1953, 0.2409, 0.1820, 0.1819, 0.1951, 0.1951, 0.1951, 

gflops_coo:
2.17, 2.07, 2.07, 1.40, 0.46, 0.30, 1.07, 1.04, 1.05, 0.92, 0.34, 0.31, 1.06, 1.00, 1.05, 
gflops_hicoo:
2.43, 2.32, 2.32, 1.33, 0.62, 0.36, 1.01, 0.98, 0.99, 0.84, 0.36, 0.31, 1.02, 1.02, 1.01, 

predicted_gflops_mem_coo:
33.1765, 33.1765, 33.1765, 33.1765, 33.1765, 33.1765, 35.3882, 35.3882, 35.3882, 35.3882, 35.3882, 35.3882, 35.3882, 35.3882, 35.3882, 
predicted_gflops_mem_hicoo:
34.4703, 34.3221, 34.3408, 35.6796, 32.2714, 31.9760, 36.9360, 36.7135, 36.7100, 45.2832, 34.2252, 34.2050, 36.6827, 36.6844, 36.6827, 

predicted_gflops_cache_coo:
271.7647, 271.7647, 271.7647, 271.7647, 271.7647, 271.7647, 289.8824, 289.8824, 289.8824, 289.8824, 289.8824, 289.8824, 289.8824, 289.8824, 289.8824, 
predicted_gflops_cache_hicoo:
282.3632, 281.1493, 281.3027, 292.2694, 264.3504, 261.9309, 302.5609, 300.7385, 300.7098, 370.9366, 280.3556, 280.1900, 300.4862, 300.4998, 300.4861, 


