intput_path: ../new-timing-results/new-timing-results-dgx2/
plot_tensors: graph
ang_pattern: 0
machine_name: dgx2
theo_gflops: 1408.00, theo_mem_bw: 79.00, theo_cache_bw: 851.00
tensors:
['3D_irregular_small', '3D_irregular_medium', '3D_irregular_large', '3D_regular_small', '3D_regular_medium', '3D_regular_large', '4D_irregular_small', '4D_irregular_medium', '4D_irregular_large', '4D_regular_small', '4D_regular_medium', '4D_regular_large', '4D_i_small', '4D_i_medium', '4D_i_large']

nnzs:
[1035778, 10226538, 84641928, 1041203, 11493113, 94924502, 998596, 10768032, 99661254, 1017878, 11291610, 110411969, 1648952, 19557136, 109190592]
nfibs:
[288135.0, 1741981.6666666667, 10091807.888888888, 7736819.666666667, 7709990.933333334, 16931819.444444444, 13946281.818181818, 12636372.384615384, 17644085.1, 15658420.588235294, 14908131.684210526, 21401804.14285714, 19583938.608695652, 18455575.24, 19267420.48148148]
nbs:
[10001, 77404, 994008, 927717, 11352731, 94653416, 11132, 147230, 880706, 762538, 11276956, 110335374, 124, 1356, 8496]
nnzbs:
[103, 132, 85, 1, 1, 1, 89, 73, 113, 1, 1, 1, 13298, 14422, 12852]

get_tew_data
num_flops:
[1035778, 10226538, 84641928, 1041203, 11493113, 94924502, 998596, 10768032, 99661254, 1017878, 11291610, 110411969, 1648952, 19557136, 109190592]
num_bytes_coo:
[12429336, 122718456, 1015703136, 12494436, 137917356, 1139094024, 11983152, 129216384, 1195935048, 12214536, 135499320, 1324943628, 19787424, 234685632, 1310287104]
num_bytes_hicoo:
[12429336, 122718456, 1015703136, 12494436, 137917356, 1139094024, 11983152, 129216384, 1195935048, 12214536, 135499320, 1324943628, 19787424, 234685632, 1310287104]

times_coo:
0.0009, 0.0130, 0.1149, 0.0008, 0.0144, 0.1382, 0.0007, 0.0132, 0.1175, 0.0008, 0.0137, 0.1555, 0.0014, 0.0244, 0.1569, 
times_hicoo:
0.0008, 0.0132, 0.1038, 0.0011, 0.0137, 0.1307, 0.0007, 0.0126, 0.1216, 0.0008, 0.0136, 0.1488, 0.0011, 0.0241, 0.1302, 

gbytes_coo:
13.7858, 9.4361, 8.8406, 14.7370, 9.5664, 8.2408, 16.4317, 9.8165, 10.1754, 15.1425, 9.8996, 8.5213, 13.9645, 9.6294, 8.3523, 
gbytes_hicoo:
15.3894, 9.3098, 9.7834, 11.3469, 10.0315, 8.7182, 18.2740, 10.2762, 9.8369, 14.4590, 9.9954, 8.9037, 17.9130, 9.7378, 10.0652, 

oi_coo:
0.0833, 0.0833, 0.0833, 0.0833, 0.0833, 0.0833, 0.0833, 0.0833, 0.0833, 0.0833, 0.0833, 0.0833, 0.0833, 0.0833, 0.0833, 
oi_hicoo:
0.0833, 0.0833, 0.0833, 0.0833, 0.0833, 0.0833, 0.0833, 0.0833, 0.0833, 0.0833, 0.0833, 0.0833, 0.0833, 0.0833, 0.0833, 

gflops_coo:
1.15, 0.79, 0.74, 1.23, 0.80, 0.69, 1.37, 0.82, 0.85, 1.26, 0.82, 0.71, 1.16, 0.80, 0.70, 
gflops_hicoo:
1.28, 0.78, 0.82, 0.95, 0.84, 0.73, 1.52, 0.86, 0.82, 1.20, 0.83, 0.74, 1.49, 0.81, 0.84, 

predicted_gflops_mem_coo:
6.5833, 6.5833, 6.5833, 6.5833, 6.5833, 6.5833, 6.5833, 6.5833, 6.5833, 6.5833, 6.5833, 6.5833, 6.5833, 6.5833, 6.5833, 
predicted_gflops_mem_hicoo:
6.5833, 6.5833, 6.5833, 6.5833, 6.5833, 6.5833, 6.5833, 6.5833, 6.5833, 6.5833, 6.5833, 6.5833, 6.5833, 6.5833, 6.5833, 

predicted_gflops_cache_coo:
70.9167, 70.9167, 70.9167, 70.9167, 70.9167, 70.9167, 70.9167, 70.9167, 70.9167, 70.9167, 70.9167, 70.9167, 70.9167, 70.9167, 70.9167, 
predicted_gflops_cache_hicoo:
70.9167, 70.9167, 70.9167, 70.9167, 70.9167, 70.9167, 70.9167, 70.9167, 70.9167, 70.9167, 70.9167, 70.9167, 70.9167, 70.9167, 70.9167, 


get_ts_data
num_flops:
[1035778, 10226538, 84641928, 1041203, 11493113, 94924502, 998596, 10768032, 99661254, 1017878, 11291610, 110411969, 1648952, 19557136, 109190592]
num_bytes_coo:
[12429336, 122718456, 1015703136, 12494436, 137917356, 1139094024, 11983152, 129216384, 1195935048, 12214536, 135499320, 1324943628, 19787424, 234685632, 1310287104]
num_bytes_hicoo:
[12429336, 122718456, 1015703136, 12494436, 137917356, 1139094024, 11983152, 129216384, 1195935048, 12214536, 135499320, 1324943628, 19787424, 234685632, 1310287104]

times_coo:
0.0006, 0.0051, 0.0462, 0.0006, 0.0056, 0.0519, 0.0005, 0.0054, 0.0625, 0.0005, 0.0059, 0.0646, 0.0008, 0.0108, 0.0548, 
times_hicoo:
0.0005, 0.0050, 0.0448, 0.0006, 0.0059, 0.0510, 0.0005, 0.0055, 0.0531, 0.0006, 0.0056, 0.0603, 0.0008, 0.0100, 0.0584, 

gbytes_coo:
22.2983, 24.0109, 22.0033, 21.8319, 24.7672, 21.9569, 23.0128, 23.9126, 19.1486, 23.5206, 22.9175, 20.5149, 23.6903, 21.6326, 23.9191, 
gbytes_hicoo:
23.4037, 24.7907, 22.6556, 22.5834, 23.5504, 22.3265, 22.2639, 23.4201, 22.5343, 22.1088, 24.1536, 21.9741, 24.2210, 23.5816, 22.4457, 

oi_coo:
0.0833, 0.0833, 0.0833, 0.0833, 0.0833, 0.0833, 0.0833, 0.0833, 0.0833, 0.0833, 0.0833, 0.0833, 0.0833, 0.0833, 0.0833, 
oi_hicoo:
0.0833, 0.0833, 0.0833, 0.0833, 0.0833, 0.0833, 0.0833, 0.0833, 0.0833, 0.0833, 0.0833, 0.0833, 0.0833, 0.0833, 0.0833, 

gflops_coo:
1.86, 2.00, 1.83, 1.82, 2.06, 1.83, 1.92, 1.99, 1.60, 1.96, 1.91, 1.71, 1.97, 1.80, 1.99, 
gflops_hicoo:
1.95, 2.07, 1.89, 1.88, 1.96, 1.86, 1.86, 1.95, 1.88, 1.84, 2.01, 1.83, 2.02, 1.97, 1.87, 

predicted_gflops_mem_coo:
6.5833, 6.5833, 6.5833, 6.5833, 6.5833, 6.5833, 6.5833, 6.5833, 6.5833, 6.5833, 6.5833, 6.5833, 6.5833, 6.5833, 6.5833, 
predicted_gflops_mem_hicoo:
6.5833, 6.5833, 6.5833, 6.5833, 6.5833, 6.5833, 6.5833, 6.5833, 6.5833, 6.5833, 6.5833, 6.5833, 6.5833, 6.5833, 6.5833, 

predicted_gflops_cache_coo:
70.9167, 70.9167, 70.9167, 70.9167, 70.9167, 70.9167, 70.9167, 70.9167, 70.9167, 70.9167, 70.9167, 70.9167, 70.9167, 70.9167, 70.9167, 
predicted_gflops_cache_hicoo:
70.9167, 70.9167, 70.9167, 70.9167, 70.9167, 70.9167, 70.9167, 70.9167, 70.9167, 70.9167, 70.9167, 70.9167, 70.9167, 70.9167, 70.9167, 


get_ttv_data
num_flops:
[2071556, 20453076, 169283856, 2082406, 22986226, 189849004, 1997192, 21536064, 199322508, 2035756, 22583220, 220823938, 3297904, 39114272, 218381184]
num_bytes_coo:
[17039496.0, 150590162.66666666, 1177172062.2222223, 136283550.6666667, 261277210.93333334, 1410003135.1111112, 235123661.0909091, 331398342.15384614, 1478240409.6, 262749265.4117647, 374029426.9473684, 1667372494.2857141, 333130441.73913044, 529974835.84, 1618565831.7037036]
num_bytes_hicoo:
[17039496.0, 150590162.66666666, 1177172062.2222223, 136283550.6666667, 261277210.93333334, 1410003135.1111112, 235123661.0909091, 331398342.15384614, 1478240409.6, 262749265.4117647, 374029426.9473684, 1667372494.2857141, 333130441.73913044, 529974835.84, 1618565831.7037036]

times_coo:
0.0030, 0.0237, 0.1762, 0.0062, 0.0526, 0.4991, 0.0043, 0.0343, 0.2652, 0.0058, 0.0604, 0.5196, 0.0038, 0.0373, 0.2073, 
times_hicoo:
0.0020, 0.0233, 0.1789, 0.0033, 0.0513, 0.5100, 0.0023, 0.0307, 0.2642, 0.0027, 0.0520, 0.5726, 0.0029, 0.0366, 0.2135, 

gbytes_coo:
5.7414, 6.3589, 6.6822, 21.9893, 4.9626, 2.8252, 54.2410, 9.6481, 5.5735, 45.3471, 6.1920, 3.2091, 87.7031, 14.2201, 7.8092, 
gbytes_hicoo:
8.4712, 6.4523, 6.5786, 41.3455, 5.0931, 2.7649, 101.7383, 10.7837, 5.5943, 96.9133, 7.1867, 2.9119, 113.6067, 14.4932, 7.5806, 

oi_coo:
0.1216, 0.1358, 0.1438, 0.0153, 0.0880, 0.1346, 0.0085, 0.0650, 0.1348, 0.0077, 0.0604, 0.1324, 0.0099, 0.0738, 0.1349, 
oi_hicoo:
0.1216, 0.1358, 0.1438, 0.0153, 0.0880, 0.1346, 0.0085, 0.0650, 0.1348, 0.0077, 0.0604, 0.1324, 0.0099, 0.0738, 0.1349, 

gflops_coo:
0.70, 0.86, 0.96, 0.34, 0.44, 0.38, 0.46, 0.63, 0.75, 0.35, 0.37, 0.43, 0.87, 1.05, 1.05, 
gflops_hicoo:
1.03, 0.88, 0.95, 0.63, 0.45, 0.37, 0.86, 0.70, 0.75, 0.75, 0.43, 0.39, 1.12, 1.07, 1.02, 

predicted_gflops_mem_coo:
9.6043, 10.7297, 11.3606, 1.2071, 6.9501, 10.6369, 0.6710, 5.1338, 10.6522, 0.6121, 4.7699, 10.4626, 0.7821, 5.8305, 10.6589, 
predicted_gflops_mem_hicoo:
9.6043, 10.7297, 11.3606, 1.2071, 6.9501, 10.6369, 0.6710, 5.1338, 10.6522, 0.6121, 4.7699, 10.4626, 0.7821, 5.8305, 10.6589, 

predicted_gflops_cache_coo:
103.4593, 115.5824, 122.3785, 13.0032, 74.8679, 114.5824, 7.2286, 55.3026, 114.7469, 6.5935, 51.3818, 112.7050, 8.4247, 62.8072, 114.8192, 
predicted_gflops_cache_hicoo:
103.4593, 115.5824, 122.3785, 13.0032, 74.8679, 114.5824, 7.2286, 55.3026, 114.7469, 6.5935, 51.3818, 112.7050, 8.4247, 62.8072, 114.8192, 


get_ttm_data
num_flops:
[33144896, 327249216, 2708541696, 33318496, 367779616, 3037584064, 31955072, 344577024, 3189160128, 32572096, 361331520, 3533183008, 52766464, 625828352, 3494098944]
num_bytes_coo:
[95321736.0, 861733416.0, 6820828984.0, 632017632.0000001, 1382623483.2, 8053655144.0, 1076031202.909091, 1685117115.6923077, 8445984415.2, 1200693498.3529413, 1886381401.2631578, 9490591666.285713, 1528768123.826087, 2736915209.2799997, 9248976898.666668]
num_bytes_hicoo:
[95321736.0, 861733416.0, 6820828984.0, 632017632.0000001, 1382623483.2, 8053655144.0, 1076031202.909091, 1685117115.6923077, 8445984415.2, 1200693498.3529413, 1886381401.2631578, 9490591666.285713, 1528768123.826087, 2736915209.2799997, 9248976898.666668]

times_coo:
0.0152, 0.1457, 1.2953, 0.0212, 0.3537, 4.4354, 0.0153, 0.1540, 1.4328, 0.0199, 0.3468, 3.5866, 0.0228, 0.2527, 1.3764, 
times_hicoo:
0.0159, 0.1392, 1.3787, 0.0215, 0.3381, 4.0906, 0.0150, 0.1503, 1.5370, 0.0198, 0.3530, 3.6600, 0.0218, 0.2434, 1.5132, 

gbytes_coo:
6.2816, 5.9127, 5.2660, 29.8245, 3.9094, 1.8158, 70.4396, 10.9442, 5.8948, 60.2391, 5.4387, 2.6461, 67.1899, 10.8297, 6.7198, 
gbytes_hicoo:
6.0139, 6.1885, 4.9473, 29.4598, 4.0897, 1.9688, 71.9681, 11.2133, 5.4951, 60.6874, 5.3431, 2.5930, 70.1523, 11.2466, 6.1122, 

oi_coo:
0.3477, 0.3798, 0.3971, 0.0527, 0.2660, 0.3772, 0.0297, 0.2045, 0.3776, 0.0271, 0.1915, 0.3723, 0.0345, 0.2287, 0.3778, 
oi_hicoo:
0.3477, 0.3798, 0.3971, 0.0527, 0.2660, 0.3772, 0.0297, 0.2045, 0.3776, 0.0271, 0.1915, 0.3723, 0.0345, 0.2287, 0.3778, 

gflops_coo:
2.18, 2.25, 2.09, 1.57, 1.04, 0.68, 2.09, 2.24, 2.23, 1.63, 1.04, 0.99, 2.32, 2.48, 2.54, 
gflops_hicoo:
2.09, 2.35, 1.96, 1.55, 1.09, 0.74, 2.14, 2.29, 2.07, 1.65, 1.02, 0.97, 2.42, 2.57, 2.31, 

predicted_gflops_mem_coo:
27.4696, 30.0008, 31.3708, 4.1647, 21.0141, 29.7963, 2.3461, 16.1541, 29.8300, 2.1431, 15.1322, 29.4103, 2.7267, 18.0643, 29.8448, 
predicted_gflops_mem_hicoo:
27.4696, 30.0008, 31.3708, 4.1647, 21.0141, 29.7963, 2.3461, 16.1541, 29.8300, 2.1431, 15.1322, 29.4103, 2.7267, 18.0643, 29.8448, 

predicted_gflops_cache_coo:
295.9063, 323.1731, 337.9309, 44.8627, 226.3671, 320.9703, 25.2723, 174.0146, 321.3332, 23.0857, 163.0069, 316.8126, 29.3728, 194.5913, 321.4927, 
predicted_gflops_cache_hicoo:
295.9063, 323.1731, 337.9309, 44.8627, 226.3671, 320.9703, 25.2723, 174.0146, 321.3332, 23.0857, 163.0069, 316.8126, 29.3728, 194.5913, 321.4927, 


get_mttkrp_data
num_flops:
[49717344, 490873824, 4062812544, 49977744, 551669424, 4556376096, 63910144, 689154048, 6378320256, 65144192, 722663040, 7066366016, 105532928, 1251656704, 6988197888]
num_bytes_coo:
[281731616, 2781618336, 23022604416, 283207216, 3126126736, 25819464544, 339522640, 3661130880, 33884826360, 346078520, 3839147400, 37540069460, 560643680, 6649426240, 37124801280]
num_bytes_hicoo:
[271156834, 2688769814, 22241987736, 263338313, 3213805547, 26788814330, 325295296, 3528970576, 32664755936, 270456096, 3969605744, 38838664408, 540859232, 6414483872, 35814718080]

times_coo:
0.0170, 0.1733, 1.5184, 0.0309, 0.8473, 10.7249, 0.0472, 0.5484, 4.7145, 0.0589, 1.5991, 17.0133, 0.0775, 0.9422, 5.3802, 
times_hicoo:
0.0148, 0.1518, 1.2578, 0.0283, 0.6157, 8.9265, 0.0496, 0.5529, 5.0756, 0.0636, 1.4206, 16.8155, 0.0820, 0.9582, 5.4206, 

gbytes_coo:
16.5448, 16.0548, 15.1622, 9.1590, 3.6894, 2.4074, 7.1983, 6.6756, 7.1874, 5.8779, 2.4009, 2.2065, 7.2364, 7.0575, 6.9003, 
gbytes_hicoo:
18.2844, 17.7072, 17.6827, 9.2969, 5.2196, 3.0010, 6.5578, 6.3824, 6.4356, 4.2497, 2.7944, 2.3097, 6.5947, 6.6945, 6.6071, 

oi_coo:
0.1765, 0.1765, 0.1765, 0.1765, 0.1765, 0.1765, 0.1882, 0.1882, 0.1882, 0.1882, 0.1882, 0.1882, 0.1882, 0.1882, 0.1882, 
oi_hicoo:
0.1834, 0.1826, 0.1827, 0.1898, 0.1717, 0.1701, 0.1965, 0.1953, 0.1953, 0.2409, 0.1820, 0.1819, 0.1951, 0.1951, 0.1951, 

gflops_coo:
2.92, 2.83, 2.68, 1.62, 0.65, 0.42, 1.35, 1.26, 1.35, 1.11, 0.45, 0.42, 1.36, 1.33, 1.30, 
gflops_hicoo:
3.35, 3.23, 3.23, 1.76, 0.90, 0.51, 1.29, 1.25, 1.26, 1.02, 0.51, 0.42, 1.29, 1.31, 1.29, 

predicted_gflops_mem_coo:
13.9412, 13.9412, 13.9412, 13.9412, 13.9412, 13.9412, 14.8706, 14.8706, 14.8706, 14.8706, 14.8706, 14.8706, 14.8706, 14.8706, 14.8706, 
predicted_gflops_mem_hicoo:
14.4849, 14.4226, 14.4305, 14.9930, 13.5608, 13.4367, 15.5210, 15.4275, 15.4260, 19.0286, 14.3819, 14.3734, 15.4145, 15.4153, 15.4145, 

predicted_gflops_cache_coo:
150.1765, 150.1765, 150.1765, 150.1765, 150.1765, 150.1765, 160.1882, 160.1882, 160.1882, 160.1882, 160.1882, 160.1882, 160.1882, 160.1882, 160.1882, 
predicted_gflops_cache_hicoo:
156.0332, 155.3624, 155.4471, 161.5073, 146.0794, 144.7424, 167.1943, 166.1873, 166.1715, 204.9786, 154.9238, 154.8322, 166.0479, 166.0554, 166.0478, 


