intput_path: ../new-timing-results/new-timing-results-wingtip-gpu1/
plot_tensors: graph
ang_pattern: 0
machine_name: dgx1
theo_gflops: 10600.00, theo_mem_bw: 517.00, theo_cache_bw: 1920.00
tensors:
['3D_irregular_small', '3D_irregular_medium', '3D_irregular_large', '3D_regular_small', '3D_regular_medium', '3D_regular_large', '4D_irregular_small', '4D_irregular_medium', '4D_irregular_large', '4D_regular_small', '4D_regular_medium', '4D_regular_large', '4D_i_small', '4D_i_medium', '4D_i_large']

nnzs:
[1035778, 10226538, 84641928, 1041203, 11493113, 94924502, 998596, 10768032, 99661254, 1017878, 11291610, 110411969, 1648952, 19557136, 109190592]
nfibs:
[288135.0, 1741981.6666666667, 10091807.888888888, 7736819.666666667, 7709990.933333334, 16931819.444444444, 13946281.818181818, 12636372.384615384, 17644085.1, 15658420.588235294, 14908131.684210526, 21401804.14285714, 19583938.608695652, 18455575.24, 19267420.48148148]
nbs:
[10001, 77404, 994008, 927717, 11352731, 94653416, 11132, 147230, 880706, 762538, 11276956, 110335374, 124, 1356, 8496]
nnzbs:
[103, 132, 85, 1, 1, 1, 89, 73, 113, 1, 1, 1, 13298, 14422, 12852]


### get_tew_data ###
num_flops:
[1035778, 10226538, 84641928, 1041203, 11493113, 94924502, 998596, 10768032, 99661254, 1017878, 11291610, 110411969, 1648952, 19557136, 109190592]
num_bytes_coo:
[12429336, 122718456, 1015703136, 12494436, 137917356, 1139094024, 11983152, 129216384, 1195935048, 12214536, 135499320, 1324943628, 19787424, 234685632, 1310287104]
num_bytes_hicoo:
[12429336, 122718456, 1015703136, 12494436, 137917356, 1139094024, 11983152, 129216384, 1195935048, 12214536, 135499320, 1324943628, 19787424, 234685632, 1310287104]

gpu_times_coo:
0.0001, 0.0004, 0.0020, 0.0001, 0.0004, 0.0022, 0.0001, 0.0004, 0.0024, 0.0001, 0.0004, 0.0026, 0.0001, 0.0006, 0.0025, 
gpu_times_hicoo:
0.0001, 0.0004, 0.0020, 0.0001, 0.0004, 0.0022, 0.0001, 0.0004, 0.0024, 0.0001, 0.0004, 0.0025, 0.0001, 0.0006, 0.0025, 

gpu_gbytes_coo:
103.5573, 306.1732, 507.7134, 103.6303, 334.0628, 512.7889, 112.0723, 314.7386, 506.7145, 102.9972, 327.9581, 519.3886, 173.6467, 413.5845, 518.9350, 
gpu_gbytes_hicoo:
100.6321, 283.3491, 506.6159, 98.5370, 328.3833, 513.9208, 94.8055, 303.9676, 505.5461, 106.4847, 307.4933, 519.8785, 145.9308, 404.9119, 517.9996, 

oi_coo:
0.0833, 0.0833, 0.0833, 0.0833, 0.0833, 0.0833, 0.0833, 0.0833, 0.0833, 0.0833, 0.0833, 0.0833, 0.0833, 0.0833, 0.0833, 
oi_hicoo:
0.0833, 0.0833, 0.0833, 0.0833, 0.0833, 0.0833, 0.0833, 0.0833, 0.0833, 0.0833, 0.0833, 0.0833, 0.0833, 0.0833, 0.0833, 

gpu_gflops_coo:
8.63, 25.51, 42.31, 8.64, 27.84, 42.73, 9.34, 26.23, 42.23, 8.58, 27.33, 43.28, 14.47, 34.47, 43.24, 
gpu_gflops_hicoo:
8.39, 23.61, 42.22, 8.21, 27.37, 42.83, 7.90, 25.33, 42.13, 8.87, 25.62, 43.32, 12.16, 33.74, 43.17, 

predicted_gflops_mem_coo:
43.0833, 43.0833, 43.0833, 43.0833, 43.0833, 43.0833, 43.0833, 43.0833, 43.0833, 43.0833, 43.0833, 43.0833, 43.0833, 43.0833, 43.0833, 
predicted_gflops_mem_hicoo:
43.0833, 43.0833, 43.0833, 43.0833, 43.0833, 43.0833, 43.0833, 43.0833, 43.0833, 43.0833, 43.0833, 43.0833, 43.0833, 43.0833, 43.0833, 

predicted_gflops_cache_coo:
160.0000, 160.0000, 160.0000, 160.0000, 160.0000, 160.0000, 160.0000, 160.0000, 160.0000, 160.0000, 160.0000, 160.0000, 160.0000, 160.0000, 160.0000, 
predicted_gflops_cache_hicoo:
160.0000, 160.0000, 160.0000, 160.0000, 160.0000, 160.0000, 160.0000, 160.0000, 160.0000, 160.0000, 160.0000, 160.0000, 160.0000, 160.0000, 160.0000, 


get_ts_data
num_flops:
[1035778, 10226538, 84641928, 1041203, 11493113, 94924502, 998596, 10768032, 99661254, 1017878, 11291610, 110411969, 1648952, 19557136, 109190592]
num_bytes_coo:
[8286224, 81812304, 677135424, 8329624, 91944904, 759396016, 7988768, 86144256, 797290032, 8143024, 90332880, 883295752, 13191616, 156457088, 873524736]
num_bytes_hicoo:
[8286224, 81812304, 677135424, 8329624, 91944904, 759396016, 7988768, 86144256, 797290032, 8143024, 90332880, 883295752, 13191616, 156457088, 873524736]

gpu_times_coo:
0.0001, 0.0003, 0.0014, 0.0001, 0.0003, 0.0015, 0.0001, 0.0003, 0.0016, 0.0001, 0.0003, 0.0018, 0.0001, 0.0004, 0.0017, 
gpu_times_hicoo:
0.0001, 0.0004, 0.0014, 0.0001, 0.0003, 0.0015, 0.0001, 0.0003, 0.0016, 0.0001, 0.0003, 0.0018, 0.0001, 0.0004, 0.0017, 

gpu_gbytes_coo:
73.5733, 248.4497, 494.5183, 74.6079, 291.8777, 501.9740, 84.9049, 267.4165, 497.3921, 76.1724, 278.6760, 501.6998, 133.2828, 427.6317, 501.4805, 
gpu_gbytes_hicoo:
73.9843, 229.6087, 493.4961, 72.5036, 264.4119, 502.1393, 73.3169, 246.2448, 503.0656, 79.4587, 258.3152, 501.0673, 109.9505, 406.2833, 503.0482, 

oi_coo:
0.1250, 0.1250, 0.1250, 0.1250, 0.1250, 0.1250, 0.1250, 0.1250, 0.1250, 0.1250, 0.1250, 0.1250, 0.1250, 0.1250, 0.1250, 
oi_hicoo:
0.1250, 0.1250, 0.1250, 0.1250, 0.1250, 0.1250, 0.1250, 0.1250, 0.1250, 0.1250, 0.1250, 0.1250, 0.1250, 0.1250, 0.1250, 

gpu_gflops_coo:
9.20, 31.06, 61.81, 9.33, 36.48, 62.75, 10.61, 33.43, 62.17, 9.52, 34.83, 62.71, 16.66, 53.45, 62.69, 
gpu_gflops_hicoo:
9.25, 28.70, 61.69, 9.06, 33.05, 62.77, 9.16, 30.78, 62.88, 9.93, 32.29, 62.63, 13.74, 50.79, 62.88, 

predicted_gflops_mem_coo:
64.6250, 64.6250, 64.6250, 64.6250, 64.6250, 64.6250, 64.6250, 64.6250, 64.6250, 64.6250, 64.6250, 64.6250, 64.6250, 64.6250, 64.6250, 
predicted_gflops_mem_hicoo:
64.6250, 64.6250, 64.6250, 64.6250, 64.6250, 64.6250, 64.6250, 64.6250, 64.6250, 64.6250, 64.6250, 64.6250, 64.6250, 64.6250, 64.6250, 

predicted_gflops_cache_coo:
240.0000, 240.0000, 240.0000, 240.0000, 240.0000, 240.0000, 240.0000, 240.0000, 240.0000, 240.0000, 240.0000, 240.0000, 240.0000, 240.0000, 240.0000, 
predicted_gflops_cache_hicoo:
240.0000, 240.0000, 240.0000, 240.0000, 240.0000, 240.0000, 240.0000, 240.0000, 240.0000, 240.0000, 240.0000, 240.0000, 240.0000, 240.0000, 240.0000, 


get_ttv_data
num_flops:
[2071556, 20453076, 169283856, 2082406, 22986226, 189849004, 1997192, 21536064, 199322508, 2035756, 22583220, 220823938, 3297904, 39114272, 218381184]
num_bytes_coo:
[17039496.0, 150590162.66666666, 1177172062.2222223, 136283550.6666667, 261277210.93333334, 1410003135.1111112, 235123661.0909091, 331398342.15384614, 1478240409.6, 262749265.4117647, 374029426.9473684, 1667372494.2857141, 333130441.73913044, 529974835.84, 1618565831.7037036]
num_bytes_hicoo:
[17039496.0, 150590162.66666666, 1177172062.2222223, 136283550.6666667, 261277210.93333334, 1410003135.1111112, 235123661.0909091, 331398342.15384614, 1478240409.6, 262749265.4117647, 374029426.9473684, 1667372494.2857141, 333130441.73913044, 529974835.84, 1618565831.7037036]

gpu_times_coo:
0.0001, 0.0013, 0.0134, 0.0001, 0.0017, 0.0167, 0.0001, 0.0012, 0.0132, 0.0001, 0.0013, 0.0165, 0.0002, 0.0022, 0.0152, 
gpu_times_hicoo:
0.0001, 0.0013, 0.0134, 0.0001, 0.0017, 0.0168, 0.0001, 0.0012, 0.0132, 0.0001, 0.0013, 0.0165, 0.0002, 0.0022, 0.0152, 

gpu_gbytes_coo:
143.0793, 113.4101, 88.0627, 961.8834, 157.3945, 84.1929, 2015.6457, 269.8756, 112.2210, 1974.8241, 289.4373, 100.9832, 1798.6435, 240.5265, 106.1770, 
gpu_gbytes_hicoo:
142.2041, 112.2675, 87.9351, 931.5149, 157.3703, 83.9916, 2062.1102, 272.3387, 112.1748, 2021.4024, 285.5756, 100.9488, 1892.6990, 240.4969, 106.2092, 

oi_coo:
0.1216, 0.1358, 0.1438, 0.0153, 0.0880, 0.1346, 0.0085, 0.0650, 0.1348, 0.0077, 0.0604, 0.1324, 0.0099, 0.0738, 0.1349, 
oi_hicoo:
0.1216, 0.1358, 0.1438, 0.0153, 0.0880, 0.1346, 0.0085, 0.0650, 0.1348, 0.0077, 0.0604, 0.1324, 0.0099, 0.0738, 0.1349, 

gpu_gflops_coo:
17.39, 15.40, 12.66, 14.70, 13.85, 11.34, 17.12, 17.54, 15.13, 15.30, 17.48, 13.37, 17.81, 17.75, 14.33, 
gpu_gflops_hicoo:
17.29, 15.25, 12.65, 14.23, 13.84, 11.31, 17.52, 17.70, 15.13, 15.66, 17.24, 13.37, 18.74, 17.75, 14.33, 

predicted_gflops_mem_coo:
62.8536, 70.2187, 74.3475, 7.8997, 45.4838, 69.6111, 4.3915, 33.5975, 69.7111, 4.0057, 31.2155, 68.4706, 5.1182, 38.1567, 69.7550, 
predicted_gflops_mem_hicoo:
62.8536, 70.2187, 74.3475, 7.8997, 45.4838, 69.6111, 4.3915, 33.5975, 69.7111, 4.0057, 31.2155, 68.4706, 5.1182, 38.1567, 69.7550, 

predicted_gflops_cache_coo:
233.4217, 260.7734, 276.1066, 29.3375, 168.9147, 258.5172, 16.3089, 124.7720, 258.8883, 14.8760, 115.9261, 254.2815, 19.0075, 141.7037, 259.0515, 
predicted_gflops_cache_hicoo:
233.4217, 260.7734, 276.1066, 29.3375, 168.9147, 258.5172, 16.3089, 124.7720, 258.8883, 14.8760, 115.9261, 254.2815, 19.0075, 141.7037, 259.0515, 


get_ttm_data
num_flops:
[33144896, 327249216, 2708541696, 33318496, 367779616, 3037584064, 31955072, 344577024, 3189160128, 32572096, 361331520, 3533183008, 52766464, 625828352, 3494098944]
num_bytes_coo:
[95321736.0, 861733416.0, 6820828984.0, 632017632.0000001, 1382623483.2, 8053655144.0, 1076031202.909091, 1685117115.6923077, 8445984415.2, 1200693498.3529413, 1886381401.2631578, 9490591666.285713, 1528768123.826087, 2736915209.2799997, 9248976898.666668]
num_bytes_hicoo:
[95321736.0, 861733416.0, 6820828984.0, 632017632.0000001, 1382623483.2, 8053655144.0, 1076031202.909091, 1685117115.6923077, 8445984415.2, 1200693498.3529413, 1886381401.2631578, 9490591666.285713, 1528768123.826087, 2736915209.2799997, 9248976898.666668]

gpu_times_coo:
0.0003, 0.0026, 0.0212, 0.0005, 0.0048, 0.0520, 0.0004, 0.0034, 0.0326, 0.0005, 0.0050, 0.0553, 0.0005, 0.0046, 0.0253, 
gpu_times_hicoo:
0.0003, 0.0026, 0.0214, 0.0005, 0.0049, 0.0549, 0.0004, 0.0034, 0.0326, 0.0006, 0.0050, 0.0555, 0.0005, 0.0046, 0.0253, 

gpu_gbytes_coo:
286.9542, 334.6998, 321.5224, 1222.8484, 285.3295, 154.8252, 2575.7375, 498.0476, 259.2991, 2191.0985, 376.8401, 171.4747, 3169.7380, 593.4216, 365.7183, 
gpu_gbytes_hicoo:
285.6071, 332.1026, 319.4470, 1226.7347, 284.8972, 146.6586, 2585.3320, 495.0995, 258.8755, 2161.8067, 376.9951, 170.9483, 3127.8721, 595.2027, 365.4518, 

oi_coo:
0.3477, 0.3798, 0.3971, 0.0527, 0.2660, 0.3772, 0.0297, 0.2045, 0.3776, 0.0271, 0.1915, 0.3723, 0.0345, 0.2287, 0.3778, 
oi_hicoo:
0.3477, 0.3798, 0.3971, 0.0527, 0.2660, 0.3772, 0.0297, 0.2045, 0.3776, 0.0271, 0.1915, 0.3723, 0.0345, 0.2287, 0.3778, 

gpu_gflops_coo:
99.78, 127.10, 127.68, 64.47, 75.90, 58.40, 76.49, 101.84, 97.91, 59.44, 72.18, 63.84, 109.41, 135.69, 138.16, 
gpu_gflops_hicoo:
99.31, 126.12, 126.85, 64.67, 75.78, 55.31, 76.78, 101.24, 97.75, 58.64, 72.21, 63.64, 107.96, 136.10, 138.06, 

predicted_gflops_mem_coo:
179.7692, 196.3343, 205.3000, 27.2550, 137.5227, 194.9961, 15.3534, 105.7175, 195.2165, 14.0250, 99.0300, 192.4702, 17.8446, 118.2182, 195.3134, 
predicted_gflops_mem_hicoo:
179.7692, 196.3343, 205.3000, 27.2550, 137.5227, 194.9961, 15.3534, 105.7175, 195.2165, 14.0250, 99.0300, 192.4702, 17.8446, 118.2182, 195.3134, 

predicted_gflops_cache_coo:
667.6148, 729.1333, 762.4293, 101.2179, 510.7225, 724.1633, 57.0185, 392.6065, 724.9821, 52.0853, 367.7711, 714.7828, 66.2701, 439.0309, 725.3418, 
predicted_gflops_cache_hicoo:
667.6148, 729.1333, 762.4293, 101.2179, 510.7225, 724.1633, 57.0185, 392.6065, 724.9821, 52.0853, 367.7711, 714.7828, 66.2701, 439.0309, 725.3418, 


get_mttkrp_data
num_flops:
[49717344, 490873824, 4062812544, 49977744, 551669424, 4556376096, 63910144, 689154048, 6378320256, 65144192, 722663040, 7066366016, 105532928, 1251656704, 6988197888]
num_bytes_coo:
[281731616, 2781618336, 23022604416, 283207216, 3126126736, 25819464544, 339522640, 3661130880, 33884826360, 346078520, 3839147400, 37540069460, 560643680, 6649426240, 37124801280]
num_bytes_hicoo:
[271156834, 2688769814, 22241987736, 263338313, 3213805547, 26788814330, 325295296, 3528970576, 32664755936, 270456096, 3969605744, 38838664408, 540859232, 6414483872, 35814718080]

gpu_times_coo:
0.0030, 0.0114, 0.0566, 0.0030, 0.0122, 0.0642, 0.0030, 0.0119, 0.0751, 0.0025, 0.0127, 0.1243, 0.0056, 0.0222, 0.0956, 
gpu_times_hicoo:
0.0015, 0.0110, 0.0619, 0.0024, 0.0283, 0.2577, 0.0018, 0.0155, 0.0850, 0.0032, 0.0360, 0.4098, 0.0042, 0.0317, 0.2318, 

gpu_gbytes_coo:
95.1897, 244.9353, 407.0704, 93.3040, 256.3785, 402.4226, 113.8223, 308.6134, 451.4379, 136.3624, 301.9370, 302.0676, 99.8589, 300.1104, 388.4966, 
gpu_gbytes_hicoo:
179.8620, 244.0894, 359.2276, 110.5834, 113.5765, 103.9609, 176.4819, 227.5011, 384.4986, 85.4607, 110.1703, 94.7801, 129.4833, 202.1373, 154.5262, 

oi_coo:
0.1765, 0.1765, 0.1765, 0.1765, 0.1765, 0.1765, 0.1882, 0.1882, 0.1882, 0.1882, 0.1882, 0.1882, 0.1882, 0.1882, 0.1882, 
oi_hicoo:
0.1834, 0.1826, 0.1827, 0.1898, 0.1717, 0.1701, 0.1965, 0.1953, 0.1953, 0.2409, 0.1820, 0.1819, 0.1951, 0.1951, 0.1951, 

gpu_gflops_coo:
16.80, 43.22, 71.84, 16.47, 45.24, 71.02, 21.43, 58.09, 84.98, 25.67, 56.84, 56.86, 18.80, 56.49, 73.13, 
gpu_gflops_hicoo:
32.98, 44.56, 65.62, 20.99, 19.50, 17.68, 34.67, 44.43, 75.08, 20.58, 20.06, 17.24, 25.26, 39.44, 30.15, 

predicted_gflops_mem_coo:
91.2353, 91.2353, 91.2353, 91.2353, 91.2353, 91.2353, 97.3176, 97.3176, 97.3176, 97.3176, 97.3176, 97.3176, 97.3176, 97.3176, 97.3176, 
predicted_gflops_mem_hicoo:
94.7934, 94.3858, 94.4373, 98.1190, 88.7462, 87.9340, 101.5740, 100.9622, 100.9526, 124.5287, 94.1194, 94.0638, 100.8775, 100.8821, 100.8775, 

predicted_gflops_cache_coo:
338.8235, 338.8235, 338.8235, 338.8235, 338.8235, 338.8235, 361.4118, 361.4118, 361.4118, 361.4118, 361.4118, 361.4118, 361.4118, 361.4118, 361.4118, 
predicted_gflops_cache_hicoo:
352.0372, 350.5238, 350.7151, 364.3878, 329.5798, 326.5632, 377.2187, 374.9467, 374.9110, 462.4664, 349.5342, 349.3277, 374.6321, 374.6491, 374.6320, 


