intput_path: ../new-timing-results/new-timing-results-dgx2/
plot_tensors: real
ang_pattern: 0
machine_name: dgx2
theo_gflops: 14900.00, theo_mem_bw: 791.00, theo_cache_bw: 3332.00
tensors:
['vast-2015-mc1', 'nell2', 'choa700k', '1998DARPA', 'freebase_music', 'flickr', 'freebase_sampled', 'delicious', 'nell1', 'chicago-crime-comm-4d', 'nips-4d', 'uber-4d', 'enron-4d', 'flickr-4d', 'delicious-4d']

nnzs:
[26021854, 76879419, 26953732, 28421308, 99546551, 112890310, 139920771, 140126181, 143599552, 5330673, 3101609, 3309490, 54202099, 112890310, 140126220]
nfibs:
[8769369.0, 10781860.833333334, 8244693.333333333, 10782327.833333334, 23315886.0, 28006562.944444444, 39084915.38095238, 40744884.0, 45469472.55555555, 39855402.58064516, 35510433.22857143, 31940004.64102564, 31069190.441860463, 34333687.19148936, 39476459.078431375]
nbs:
[69890, 1545199, 618400, 6170677, 41435625, 40414597, 64244121, 138505710, 143382877, 7718, 50364, 25503, 2007383, 40410398, 111694192]
nnzbs:
[372, 49, 43, 4, 2, 2, 2, 1, 1, 690, 61, 129, 27, 2, 1]


### get_tew_data ###
num_flops:
[26021854, 76879419, 26953732, 28421308, 99546551, 112890310, 139920771, 140126181, 143599552, 5330673, 3101609, 3309490, 54202099, 112890310, 140126220]
num_bytes_coo:
[312262248, 922553028, 323444784, 341055696, 1194558612, 1354683720, 1679049252, 1681514172, 1723194624, 63968076, 37219308, 39713880, 650425188, 1354683720, 1681514640]
num_bytes_hicoo:
[312262248, 922553028, 323444784, 341055696, 1194558612, 1354683720, 1679049252, 1681514172, 1723194624, 63968076, 37219308, 39713880, 650425188, 1354683720, 1681514640]

gpu_times_coo:
0.0005, 0.0012, 0.0005, 0.0005, 0.0015, 0.0017, 0.0021, 0.0022, 0.0022, 0.0002, 0.0001, 0.0001, 0.0009, 0.0017, 0.0022, 
gpu_times_hicoo:
0.0005, 0.0012, 0.0005, 0.0005, 0.0015, 0.0017, 0.0024, 0.0022, 0.0022, 0.0002, 0.0001, 0.0001, 0.0009, 0.0017, 0.0022, 

gpu_gbytes_coo:
673.3209, 759.9721, 674.9097, 677.6395, 781.3064, 786.5937, 782.5769, 781.4335, 781.3913, 395.7666, 259.9473, 284.4475, 737.6156, 784.5576, 769.2301, 
gpu_gbytes_hicoo:
662.5450, 764.4249, 675.1263, 687.2811, 779.0476, 782.2347, 704.7728, 780.6151, 783.1284, 367.4818, 256.8092, 269.2507, 740.4126, 785.0123, 774.6432, 

oi_coo:
0.0833, 0.0833, 0.0833, 0.0833, 0.0833, 0.0833, 0.0833, 0.0833, 0.0833, 0.0833, 0.0833, 0.0833, 0.0833, 0.0833, 0.0833, 
oi_hicoo:
0.0833, 0.0833, 0.0833, 0.0833, 0.0833, 0.0833, 0.0833, 0.0833, 0.0833, 0.0833, 0.0833, 0.0833, 0.0833, 0.0833, 0.0833, 

gpu_gflops_coo:
56.11, 63.33, 56.24, 56.47, 65.11, 65.55, 65.21, 65.12, 65.12, 32.98, 21.66, 23.70, 61.47, 65.38, 64.10, 
gpu_gflops_hicoo:
55.21, 63.70, 56.26, 57.27, 64.92, 65.19, 58.73, 65.05, 65.26, 30.62, 21.40, 22.44, 61.70, 65.42, 64.55, 

predicted_gflops_mem_coo:
65.9167, 65.9167, 65.9167, 65.9167, 65.9167, 65.9167, 65.9167, 65.9167, 65.9167, 65.9167, 65.9167, 65.9167, 65.9167, 65.9167, 65.9167, 
predicted_gflops_mem_hicoo:
65.9167, 65.9167, 65.9167, 65.9167, 65.9167, 65.9167, 65.9167, 65.9167, 65.9167, 65.9167, 65.9167, 65.9167, 65.9167, 65.9167, 65.9167, 

predicted_gflops_cache_coo:
277.6667, 277.6667, 277.6667, 277.6667, 277.6667, 277.6667, 277.6667, 277.6667, 277.6667, 277.6667, 277.6667, 277.6667, 277.6667, 277.6667, 277.6667, 
predicted_gflops_cache_hicoo:
277.6667, 277.6667, 277.6667, 277.6667, 277.6667, 277.6667, 277.6667, 277.6667, 277.6667, 277.6667, 277.6667, 277.6667, 277.6667, 277.6667, 277.6667, 


get_ts_data
num_flops:
[26021854, 76879419, 26953732, 28421308, 99546551, 112890310, 139920771, 140126181, 143599552, 5330673, 3101609, 3309490, 54202099, 112890310, 140126220]
num_bytes_coo:
[208174832, 615035352, 215629856, 227370464, 796372408, 903122480, 1119366168, 1121009448, 1148796416, 42645384, 24812872, 26475920, 433616792, 903122480, 1121009760]
num_bytes_hicoo:
[208174832, 615035352, 215629856, 227370464, 796372408, 903122480, 1119366168, 1121009448, 1148796416, 42645384, 24812872, 26475920, 433616792, 903122480, 1121009760]

gpu_times_coo:
0.0003, 0.0008, 0.0004, 0.0004, 0.0011, 0.0012, 0.0015, 0.0015, 0.0015, 0.0001, 0.0001, 0.0001, 0.0006, 0.0012, 0.0014, 
gpu_times_hicoo:
0.0003, 0.0008, 0.0004, 0.0003, 0.0011, 0.0012, 0.0015, 0.0014, 0.0015, 0.0001, 0.0001, 0.0001, 0.0006, 0.0012, 0.0014, 

gpu_gbytes_coo:
599.4269, 732.6289, 612.8836, 599.8828, 751.4842, 759.5591, 768.9443, 769.2255, 765.2567, 295.3875, 185.1881, 205.9489, 694.8486, 759.3085, 773.2638, 
gpu_gbytes_hicoo:
610.4619, 729.0706, 605.3468, 652.7066, 750.5160, 762.6517, 769.3998, 777.1795, 766.7164, 288.1566, 172.6637, 184.3450, 698.0725, 757.0190, 776.0275, 

oi_coo:
0.1250, 0.1250, 0.1250, 0.1250, 0.1250, 0.1250, 0.1250, 0.1250, 0.1250, 0.1250, 0.1250, 0.1250, 0.1250, 0.1250, 0.1250, 
oi_hicoo:
0.1250, 0.1250, 0.1250, 0.1250, 0.1250, 0.1250, 0.1250, 0.1250, 0.1250, 0.1250, 0.1250, 0.1250, 0.1250, 0.1250, 0.1250, 

gpu_gflops_coo:
74.93, 91.58, 76.61, 74.99, 93.94, 94.94, 96.12, 96.15, 95.66, 36.92, 23.15, 25.74, 86.86, 94.91, 96.66, 
gpu_gflops_hicoo:
76.31, 91.13, 75.67, 81.59, 93.81, 95.33, 96.17, 97.15, 95.84, 36.02, 21.58, 23.04, 87.26, 94.63, 97.00, 

predicted_gflops_mem_coo:
98.8750, 98.8750, 98.8750, 98.8750, 98.8750, 98.8750, 98.8750, 98.8750, 98.8750, 98.8750, 98.8750, 98.8750, 98.8750, 98.8750, 98.8750, 
predicted_gflops_mem_hicoo:
98.8750, 98.8750, 98.8750, 98.8750, 98.8750, 98.8750, 98.8750, 98.8750, 98.8750, 98.8750, 98.8750, 98.8750, 98.8750, 98.8750, 98.8750, 

predicted_gflops_cache_coo:
416.5000, 416.5000, 416.5000, 416.5000, 416.5000, 416.5000, 416.5000, 416.5000, 416.5000, 416.5000, 416.5000, 416.5000, 416.5000, 416.5000, 416.5000, 
predicted_gflops_cache_hicoo:
416.5000, 416.5000, 416.5000, 416.5000, 416.5000, 416.5000, 416.5000, 416.5000, 416.5000, 416.5000, 416.5000, 416.5000, 416.5000, 416.5000, 416.5000, 


get_ttv_data
num_flops:
[52043708, 153758838, 53907464, 56842616, 199093102, 225780620, 279841542, 280252362, 287199104, 10661346, 6203218, 6618980, 108404198, 225780620, 280252440]
num_bytes_coo:
[452572152.0, 1095062801.3333333, 455359877.3333333, 513572941.3333334, 1567612788.0, 1802788727.1111112, 2304407898.095238, 2333432316.0, 2450706184.888889, 701654517.2903225, 605386239.6571429, 550753954.2564102, 1147532235.0697675, 1904022715.06383, 2313137985.254902]
num_bytes_hicoo:
[452572152.0, 1095062801.3333333, 455359877.3333333, 513572941.3333334, 1567612788.0, 1802788727.1111112, 2304407898.095238, 2333432316.0, 2450706184.888889, 701654517.2903225, 605386239.6571429, 550753954.2564102, 1147532235.0697675, 1904022715.06383, 2313137985.254902]

gpu_times_coo:
0.0015, 0.0044, 0.0049, 0.0528, 0.0395, 0.0057, 0.0631, 0.0104, 0.0144, 0.0003, 0.0002, 0.0002, 0.0024, 0.0047, 0.0070, 
gpu_times_hicoo:
0.0016, 0.0043, 0.0054, 0.0540, 0.0394, 0.0061, 0.0647, 0.0108, 0.0147, 0.0003, 0.0002, 0.0002, 0.0022, 0.0051, 0.0077, 

gpu_gbytes_coo:
292.6574, 248.2363, 93.4291, 9.7213, 39.6977, 317.7405, 36.5423, 224.4265, 170.5881, 2465.0460, 3095.2575, 3296.5037, 485.1766, 407.0236, 331.2601, 
gpu_gbytes_hicoo:
291.2048, 257.5982, 84.3703, 9.5051, 39.8308, 295.1999, 35.5985, 216.1116, 166.9047, 2270.6219, 3036.4132, 3056.0031, 519.2809, 374.1254, 300.9982, 

oi_coo:
0.1150, 0.1404, 0.1184, 0.1107, 0.1270, 0.1252, 0.1214, 0.1201, 0.1172, 0.0152, 0.0102, 0.0120, 0.0945, 0.1186, 0.1212, 
oi_hicoo:
0.1150, 0.1404, 0.1184, 0.1107, 0.1270, 0.1252, 0.1214, 0.1201, 0.1172, 0.0152, 0.0102, 0.0120, 0.0945, 0.1186, 0.1212, 

gpu_gflops_coo:
33.65, 34.86, 11.06, 1.08, 5.04, 39.79, 4.44, 26.95, 19.99, 37.46, 31.72, 39.62, 45.83, 48.27, 40.13, 
gpu_gflops_hicoo:
33.49, 36.17, 9.99, 1.05, 5.06, 36.97, 4.32, 25.96, 19.56, 34.50, 31.11, 36.73, 49.06, 44.36, 36.47, 

predicted_gflops_mem_coo:
90.9613, 111.0651, 93.6420, 87.5484, 100.4602, 99.0646, 96.0571, 95.0015, 92.6976, 12.0189, 8.1051, 9.5063, 74.7236, 93.7974, 95.8350, 
predicted_gflops_mem_hicoo:
90.9613, 111.0651, 93.6420, 87.5484, 100.4602, 99.0646, 96.0571, 95.0015, 92.6976, 12.0189, 8.1051, 9.5063, 74.7236, 93.7974, 95.8350, 

predicted_gflops_cache_coo:
383.1646, 467.8494, 394.4565, 368.7881, 423.1773, 417.2985, 404.6298, 400.1834, 390.4782, 50.6283, 34.1420, 40.0441, 314.7648, 395.1114, 403.6945, 
predicted_gflops_cache_hicoo:
383.1646, 467.8494, 394.4565, 368.7881, 423.1773, 417.2985, 404.6298, 400.1834, 390.4782, 50.6283, 34.1420, 40.0441, 314.7648, 395.1114, 403.6945, 


get_ttm_data
num_flops:
[832699328, 2460141408, 862519424, 909481856, 3185489632, 3612489920, 4477464672, 4484037792, 4595185664, 170581536, 99251488, 105903680, 1734467168, 3612489920, 4484039040]
num_bytes_coo:
[2504968056.0, 6311612148.0, 2534286624.0, 2822661780.0, 8846095464.0, 10144574852.0, 12888409419.428572, 13022716680.0, 13612969768.0, 3253397441.8064513, 2780067040.457143, 2537963614.1538463, 6139532839.813953, 10600127797.787235, 12931392893.647058]
num_bytes_hicoo:
[2504968056.0, 6311612148.0, 2534286624.0, 2822661780.0, 8846095464.0, 10144574852.0, 12888409419.428572, 13022716680.0, 13612969768.0, 3253397441.8064513, 2780067040.457143, 2537963614.1538463, 6139532839.813953, 10600127797.787235, 12931392893.647058]

gpu_times_coo:
0.0046, 0.0100, 0.0137, 0.1954, 0.1239, 0.0249, 0.2192, 0.0364, 0.0431, 0.0010, 0.0008, 0.0004, 0.0087, 0.0274, 0.0371, 
gpu_times_hicoo:
0.0047, 0.0103, 0.0135, 0.1937, 0.1245, 0.0264, 0.2200, 0.0395, 0.0436, 0.0010, 0.0008, 0.0004, 0.0088, 0.0287, 0.0394, 

gpu_gbytes_coo:
546.5574, 629.5364, 184.7332, 14.4462, 71.4248, 406.6077, 58.7947, 358.0964, 316.1541, 3359.1077, 3705.1258, 5779.3320, 708.1726, 386.4576, 348.3824, 
gpu_gbytes_hicoo:
532.9886, 615.3684, 187.8708, 14.5709, 71.0553, 383.9636, 58.5859, 329.6314, 312.1455, 3164.3084, 3577.4126, 5691.7233, 696.4370, 369.2983, 327.8099, 

oi_coo:
0.3324, 0.3898, 0.3403, 0.3222, 0.3601, 0.3561, 0.3474, 0.3443, 0.3376, 0.0524, 0.0357, 0.0417, 0.2825, 0.3408, 0.3468, 
oi_hicoo:
0.3324, 0.3898, 0.3403, 0.3222, 0.3601, 0.3561, 0.3474, 0.3443, 0.3376, 0.0524, 0.0357, 0.0417, 0.2825, 0.3408, 0.3468, 

gpu_gflops_coo:
181.69, 245.38, 62.87, 4.65, 25.72, 144.79, 20.43, 123.30, 106.72, 176.12, 132.28, 241.16, 200.06, 131.70, 120.80, 
gpu_gflops_hicoo:
177.18, 239.86, 63.94, 4.69, 25.59, 136.73, 20.35, 113.50, 105.37, 165.91, 127.72, 237.50, 196.75, 125.86, 113.67, 

predicted_gflops_mem_coo:
262.9435, 308.3161, 269.2090, 254.8659, 284.8401, 281.6756, 274.7953, 272.3605, 267.0095, 41.4736, 28.2396, 33.0067, 223.4638, 269.5703, 274.2841, 
predicted_gflops_mem_hicoo:
262.9435, 308.3161, 269.2090, 254.8659, 284.8401, 281.6756, 274.7953, 272.3605, 267.0095, 41.4736, 28.2396, 33.0067, 223.4638, 269.5703, 274.2841, 

predicted_gflops_cache_coo:
1107.6206, 1298.7476, 1134.0133, 1073.5943, 1199.8572, 1186.5274, 1157.5449, 1147.2886, 1124.7479, 174.7028, 118.9561, 139.0371, 941.3167, 1135.5350, 1155.3912, 
predicted_gflops_cache_hicoo:
1107.6206, 1298.7476, 1134.0133, 1073.5943, 1199.8572, 1186.5274, 1157.5449, 1147.2886, 1124.7479, 174.7028, 118.9561, 139.0371, 941.3167, 1135.5350, 1155.3912, 


get_mttkrp_data
num_flops:
[1249048992, 3690212112, 1293779136, 1364222784, 4778234448, 5418734880, 6716197008, 6726056688, 6892778496, 341163072, 198502976, 211807360, 3468934336, 7224979840, 8968078080]
num_bytes_coo:
[7077944288, 20911201968, 7331415104, 7730595776, 27076661872, 30706164320, 38058449712, 38114321232, 39059078144, 1812428820, 1054547060, 1125226600, 18428713660, 38382705400, 47642914800]
num_bytes_hicoo:
[6839315258, 19952036169, 7008391324, 6641135944, 22740578357, 22290797774, 35157317769, 39208459227, 40578870916, 1746965016, 1009126888, 1079851832, 17825583104, 27735626752, 39543811808]

gpu_times_coo:
0.0263, 0.0099, 0.0087, 0.0128, 0.0569, 0.0167, 0.0561, 0.0248, 0.0441, 0.0035, 0.0021, 0.0020, 0.0122, 0.0205, 0.0257, 
gpu_times_hicoo:
0.0543, 0.0203, 0.0151, 0.0367, 0.2305, 0.2140, 0.3458, 0.2029, 0.1513, 0.0066, 0.0033, 0.0034, 0.0268, 0.2441, 0.5625, 

gpu_gbytes_coo:
268.6131, 2108.6778, 846.4881, 604.7959, 475.7900, 1843.0361, 678.9524, 1534.4822, 886.6468, 520.4807, 502.4034, 569.2276, 1513.5054, 1872.1088, 1856.7479, 
gpu_gbytes_hicoo:
125.8701, 982.9142, 464.1790, 180.8818, 98.6621, 104.1780, 101.6698, 193.2521, 268.1553, 266.2136, 303.5990, 316.5559, 664.8916, 113.6135, 70.2971, 

oi_coo:
0.1765, 0.1765, 0.1765, 0.1765, 0.1765, 0.1765, 0.1765, 0.1765, 0.1765, 0.1882, 0.1882, 0.1882, 0.1882, 0.1882, 0.1882, 
oi_hicoo:
0.1826, 0.1850, 0.1846, 0.2054, 0.2101, 0.2431, 0.1910, 0.1715, 0.1699, 0.1953, 0.1967, 0.1961, 0.1946, 0.2605, 0.2268, 

gpu_gflops_coo:
47.40, 372.12, 149.38, 106.73, 83.96, 325.24, 119.82, 270.79, 156.47, 97.97, 94.57, 107.15, 284.90, 352.40, 349.51, 
gpu_gflops_hicoo:
22.99, 181.79, 85.69, 37.16, 20.73, 25.32, 19.42, 33.15, 45.55, 51.99, 59.72, 62.09, 129.39, 29.60, 15.94, 

predicted_gflops_mem_coo:
139.5882, 139.5882, 139.5882, 139.5882, 139.5882, 139.5882, 139.5882, 139.5882, 139.5882, 148.8941, 148.8941, 148.8941, 148.8941, 148.8941, 148.8941, 
predicted_gflops_mem_hicoo:
144.4586, 146.2987, 146.0220, 162.4873, 166.2044, 192.2865, 151.1069, 135.6929, 134.3603, 154.4736, 155.5957, 155.1506, 153.9320, 206.0512, 179.3896, 

predicted_gflops_cache_coo:
588.0000, 588.0000, 588.0000, 588.0000, 588.0000, 588.0000, 588.0000, 588.0000, 588.0000, 627.2000, 627.2000, 627.2000, 627.2000, 627.2000, 627.2000, 
predicted_gflops_cache_hicoo:
608.5158, 616.2673, 615.1015, 684.4598, 700.1175, 809.9856, 636.5209, 571.5915, 565.9777, 650.7030, 655.4299, 653.5546, 648.4214, 867.9679, 755.6590, 


