intput_path: ../new-timing-results/new-timing-results-bluesky/
plot_tensors: real
ang_pattern: 0
machine_name: bluesky
theo_gflops: 998.00, theo_mem_bw: 190.00, theo_cache_bw: 1183.00
tensors:
['vast-2015-mc1', 'nell2', 'choa700k', '1998DARPA', 'freebase_music', 'flickr', 'freebase_sampled', 'delicious', 'nell1', 'chicago-crime-comm-4d', 'nips-4d', 'uber-4d', 'enron-4d', 'flickr-4d', 'delicious-4d']

nnzs:
[26021854, 76879419, 26953732, 28421308, 99546551, 112890310, 139920771, 140126181, 143599552, 5330673, 3101609, 3309490, 54202099, 112890310, 140126220]
nfibs:
[8769369.0, 10781860.833333334, 8244693.333333333, 10782327.833333334, 23315886.0, 28006562.944444444, 39084915.38095238, 40744884.0, 45469472.55555555, 39855402.58064516, 35510433.22857143, 31940004.64102564, 31069190.441860463, 34333687.19148936, 39476459.078431375]
nbs:
[69890, 1545199, 618400, 6170677, 41435625, 40414597, 64244121, 138505710, 143382877, 7718, 50364, 25503, 2007383, 40410398, 111694192]
nnzbs:
[372, 49, 43, 4, 2, 2, 2, 1, 1, 690, 61, 129, 27, 2, 1]

get_tew_data
num_flops:
[26021854, 76879419, 26953732, 28421308, 99546551, 112890310, 139920771, 140126181, 143599552, 5330673, 3101609, 3309490, 54202099, 112890310, 140126220]
num_bytes_coo:
[312262248, 922553028, 323444784, 341055696, 1194558612, 1354683720, 1679049252, 1681514172, 1723194624, 63968076, 37219308, 39713880, 650425188, 1354683720, 1681514640]
num_bytes_hicoo:
[312262248, 922553028, 323444784, 341055696, 1194558612, 1354683720, 1679049252, 1681514172, 1723194624, 63968076, 37219308, 39713880, 650425188, 1354683720, 1681514640]

times_coo:
0.0274, 0.0835, 0.0281, 0.0299, 0.1069, 0.1209, 0.1503, 0.1523, 0.1544, 0.0052, 0.0031, 0.0032, 0.0596, 0.1211, 0.1506, 
times_hicoo:
0.0267, 0.0834, 0.0277, 0.0293, 0.1059, 0.1221, 0.1516, 0.1522, 0.1553, 0.0049, 0.0029, 0.0031, 0.0580, 0.1209, 0.1485, 

gbytes_coo:
11.4038, 11.0488, 11.4964, 11.4169, 11.1795, 11.2069, 11.1747, 11.0401, 11.1594, 12.2646, 12.1173, 12.2244, 10.9193, 11.1852, 11.1651, 
gbytes_hicoo:
11.6905, 11.0569, 11.6887, 11.6506, 11.2764, 11.0933, 11.0764, 11.0456, 11.0933, 13.0166, 13.0496, 13.0155, 11.2135, 11.2080, 11.3230, 

oi_coo:
0.0833, 0.0833, 0.0833, 0.0833, 0.0833, 0.0833, 0.0833, 0.0833, 0.0833, 0.0833, 0.0833, 0.0833, 0.0833, 0.0833, 0.0833, 
oi_hicoo:
0.0833, 0.0833, 0.0833, 0.0833, 0.0833, 0.0833, 0.0833, 0.0833, 0.0833, 0.0833, 0.0833, 0.0833, 0.0833, 0.0833, 0.0833, 

gflops_coo:
0.95, 0.92, 0.96, 0.95, 0.93, 0.93, 0.93, 0.92, 0.93, 1.02, 1.01, 1.02, 0.91, 0.93, 0.93, 
gflops_hicoo:
0.97, 0.92, 0.97, 0.97, 0.94, 0.92, 0.92, 0.92, 0.92, 1.08, 1.09, 1.08, 0.93, 0.93, 0.94, 

predicted_gflops_mem_coo:
15.8333, 15.8333, 15.8333, 15.8333, 15.8333, 15.8333, 15.8333, 15.8333, 15.8333, 15.8333, 15.8333, 15.8333, 15.8333, 15.8333, 15.8333, 
predicted_gflops_mem_hicoo:
15.8333, 15.8333, 15.8333, 15.8333, 15.8333, 15.8333, 15.8333, 15.8333, 15.8333, 15.8333, 15.8333, 15.8333, 15.8333, 15.8333, 15.8333, 

predicted_gflops_cache_coo:
98.5833, 98.5833, 98.5833, 98.5833, 98.5833, 98.5833, 98.5833, 98.5833, 98.5833, 98.5833, 98.5833, 98.5833, 98.5833, 98.5833, 98.5833, 
predicted_gflops_cache_hicoo:
98.5833, 98.5833, 98.5833, 98.5833, 98.5833, 98.5833, 98.5833, 98.5833, 98.5833, 98.5833, 98.5833, 98.5833, 98.5833, 98.5833, 98.5833, 


get_ts_data
num_flops:
[26021854, 76879419, 26953732, 28421308, 99546551, 112890310, 139920771, 140126181, 143599552, 5330673, 3101609, 3309490, 54202099, 112890310, 140126220]
num_bytes_coo:
[312262248, 922553028, 323444784, 341055696, 1194558612, 1354683720, 1679049252, 1681514172, 1723194624, 63968076, 37219308, 39713880, 650425188, 1354683720, 1681514640]
num_bytes_hicoo:
[312262248, 922553028, 323444784, 341055696, 1194558612, 1354683720, 1679049252, 1681514172, 1723194624, 63968076, 37219308, 39713880, 650425188, 1354683720, 1681514640]

times_coo:
0.0111, 0.0335, 0.0114, 0.0120, 0.0448, 0.0470, 0.0582, 0.0590, 0.0595, 0.0024, 0.0014, 0.0015, 0.0226, 0.0472, 0.0579, 
times_hicoo:
0.0109, 0.0328, 0.0114, 0.0121, 0.0419, 0.0473, 0.0589, 0.0588, 0.0598, 0.0023, 0.0012, 0.0014, 0.0229, 0.0473, 0.0587, 

gbytes_coo:
28.2430, 27.5637, 28.4139, 28.5216, 26.6555, 28.8055, 28.8506, 28.4973, 28.9455, 27.0701, 26.4473, 26.1181, 28.8365, 28.7095, 29.0484, 
gbytes_hicoo:
28.6551, 28.1675, 28.4830, 28.1945, 28.4818, 28.6470, 28.5222, 28.6061, 28.8117, 27.4037, 29.8287, 28.5659, 28.3471, 28.6166, 28.6554, 

oi_coo:
0.0833, 0.0833, 0.0833, 0.0833, 0.0833, 0.0833, 0.0833, 0.0833, 0.0833, 0.0833, 0.0833, 0.0833, 0.0833, 0.0833, 0.0833, 
oi_hicoo:
0.0833, 0.0833, 0.0833, 0.0833, 0.0833, 0.0833, 0.0833, 0.0833, 0.0833, 0.0833, 0.0833, 0.0833, 0.0833, 0.0833, 0.0833, 

gflops_coo:
2.35, 2.30, 2.37, 2.38, 2.22, 2.40, 2.40, 2.37, 2.41, 2.26, 2.20, 2.18, 2.40, 2.39, 2.42, 
gflops_hicoo:
2.39, 2.35, 2.37, 2.35, 2.37, 2.39, 2.38, 2.38, 2.40, 2.28, 2.49, 2.38, 2.36, 2.38, 2.39, 

predicted_gflops_mem_coo:
15.8333, 15.8333, 15.8333, 15.8333, 15.8333, 15.8333, 15.8333, 15.8333, 15.8333, 15.8333, 15.8333, 15.8333, 15.8333, 15.8333, 15.8333, 
predicted_gflops_mem_hicoo:
15.8333, 15.8333, 15.8333, 15.8333, 15.8333, 15.8333, 15.8333, 15.8333, 15.8333, 15.8333, 15.8333, 15.8333, 15.8333, 15.8333, 15.8333, 

predicted_gflops_cache_coo:
98.5833, 98.5833, 98.5833, 98.5833, 98.5833, 98.5833, 98.5833, 98.5833, 98.5833, 98.5833, 98.5833, 98.5833, 98.5833, 98.5833, 98.5833, 
predicted_gflops_cache_hicoo:
98.5833, 98.5833, 98.5833, 98.5833, 98.5833, 98.5833, 98.5833, 98.5833, 98.5833, 98.5833, 98.5833, 98.5833, 98.5833, 98.5833, 98.5833, 


get_ttv_data
num_flops:
[52043708, 153758838, 53907464, 56842616, 199093102, 225780620, 279841542, 280252362, 287199104, 10661346, 6203218, 6618980, 108404198, 225780620, 280252440]
num_bytes_coo:
[452572152.0, 1095062801.3333333, 455359877.3333333, 513572941.3333334, 1567612788.0, 1802788727.1111112, 2304407898.095238, 2333432316.0, 2450706184.888889, 701654517.2903225, 605386239.6571429, 550753954.2564102, 1147532235.0697675, 1904022715.06383, 2313137985.254902]
num_bytes_hicoo:
[452572152.0, 1095062801.3333333, 455359877.3333333, 513572941.3333334, 1567612788.0, 1802788727.1111112, 2304407898.095238, 2333432316.0, 2450706184.888889, 701654517.2903225, 605386239.6571429, 550753954.2564102, 1147532235.0697675, 1904022715.06383, 2313137985.254902]

times_coo:
0.0470, 0.1516, 0.0537, 0.0967, 0.8028, 0.3507, 1.1762, 0.7111, 0.9809, 0.0186, 0.0112, 0.0138, 0.1217, 0.3614, 0.7155, 
times_hicoo:
0.0475, 0.1583, 0.0515, 0.0974, 0.8090, 0.3784, 1.1823, 0.7924, 1.0372, 0.0160, 0.0066, 0.0068, 0.1257, 0.3866, 0.7876, 

gbytes_coo:
9.6199, 7.2227, 8.4855, 5.3086, 1.9527, 5.1409, 1.9592, 3.2813, 2.4983, 37.7361, 54.1193, 40.0230, 9.4256, 5.2681, 3.2331, 
gbytes_hicoo:
9.5257, 6.9164, 8.8367, 5.2752, 1.9377, 4.7643, 1.9491, 2.9447, 2.3628, 43.9275, 91.1507, 80.8977, 9.1259, 4.9245, 2.9370, 

oi_coo:
0.1150, 0.1404, 0.1184, 0.1107, 0.1270, 0.1252, 0.1214, 0.1201, 0.1172, 0.0152, 0.0102, 0.0120, 0.0945, 0.1186, 0.1212, 
oi_hicoo:
0.1150, 0.1404, 0.1184, 0.1107, 0.1270, 0.1252, 0.1214, 0.1201, 0.1172, 0.0152, 0.0102, 0.0120, 0.0945, 0.1186, 0.1212, 

gflops_coo:
1.11, 1.01, 1.00, 0.59, 0.25, 0.64, 0.24, 0.39, 0.29, 0.57, 0.55, 0.48, 0.89, 0.62, 0.39, 
gflops_hicoo:
1.10, 0.97, 1.05, 0.58, 0.25, 0.60, 0.24, 0.35, 0.28, 0.67, 0.93, 0.97, 0.86, 0.58, 0.36, 

predicted_gflops_mem_coo:
21.8491, 26.6781, 22.4930, 21.0293, 24.1308, 23.7955, 23.0731, 22.8196, 22.2662, 2.8870, 1.9469, 2.2834, 17.9488, 22.5304, 23.0198, 
predicted_gflops_mem_hicoo:
21.8491, 26.6781, 22.4930, 21.0293, 24.1308, 23.7955, 23.0731, 22.8196, 22.2662, 2.8870, 1.9469, 2.2834, 17.9488, 22.5304, 23.0198, 

predicted_gflops_cache_coo:
136.0395, 166.1062, 140.0486, 130.9353, 150.2457, 148.1585, 143.6606, 142.0819, 138.6362, 17.9752, 12.1219, 14.2173, 111.7547, 140.2811, 143.3285, 
predicted_gflops_cache_hicoo:
136.0395, 166.1062, 140.0486, 130.9353, 150.2457, 148.1585, 143.6606, 142.0819, 138.6362, 17.9752, 12.1219, 14.2173, 111.7547, 140.2811, 143.3285, 


get_ttm_data
num_flops:
[832699328, 2460141408, 862519424, 909481856, 3185489632, 3612489920, 4477464672, 4484037792, 4595185664, 170581536, 99251488, 105903680, 1734467168, 3612489920, 4484039040]
num_bytes_coo:
[2504968056.0, 6311612148.0, 2534286624.0, 2822661780.0, 8846095464.0, 10144574852.0, 12888409419.428572, 13022716680.0, 13612969768.0, 3253397441.8064513, 2780067040.457143, 2537963614.1538463, 6139532839.813953, 10600127797.787235, 12931392893.647058]
num_bytes_hicoo:
[2504968056.0, 6311612148.0, 2534286624.0, 2822661780.0, 8846095464.0, 10144574852.0, 12888409419.428572, 13022716680.0, 13612969768.0, 3253397441.8064513, 2780067040.457143, 2537963614.1538463, 6139532839.813953, 10600127797.787235, 12931392893.647058]

times_coo:
0.3433, 1.0729, 0.3779, 0.5927, 3.2712, 1.9034, 4.6079, 3.3230, 4.4742, 0.0710, 0.0412, 0.0419, 0.6925, 1.8482, 3.0930, 
times_hicoo:
0.3381, 1.0721, 0.3835, 0.5807, 3.2481, 2.0724, 4.5849, 3.5640, 4.5196, 0.0702, 0.0410, 0.0406, 0.6926, 1.9600, 3.1872, 

gbytes_coo:
7.2961, 5.8830, 6.7060, 4.7626, 2.7043, 5.3296, 2.7970, 3.9190, 3.0425, 45.8055, 67.4850, 60.6258, 8.8663, 5.7353, 4.1808, 
gbytes_hicoo:
7.4098, 5.8874, 6.6081, 4.8606, 2.7234, 4.8952, 2.8111, 3.6540, 3.0120, 46.3351, 67.7906, 62.5465, 8.8650, 5.4081, 4.0573, 

oi_coo:
0.3324, 0.3898, 0.3403, 0.3222, 0.3601, 0.3561, 0.3474, 0.3443, 0.3376, 0.0524, 0.0357, 0.0417, 0.2825, 0.3408, 0.3468, 
oi_hicoo:
0.3324, 0.3898, 0.3403, 0.3222, 0.3601, 0.3561, 0.3474, 0.3443, 0.3376, 0.0524, 0.0357, 0.0417, 0.2825, 0.3408, 0.3468, 

gflops_coo:
2.43, 2.29, 2.28, 1.53, 0.97, 1.90, 0.97, 1.35, 1.03, 2.40, 2.41, 2.53, 2.50, 1.95, 1.45, 
gflops_hicoo:
2.46, 2.29, 2.25, 1.57, 0.98, 1.74, 0.98, 1.26, 1.02, 2.43, 2.42, 2.61, 2.50, 1.84, 1.41, 

predicted_gflops_mem_coo:
63.1596, 74.0582, 64.6646, 61.2194, 68.4192, 67.6591, 66.0065, 65.4216, 64.1363, 9.9620, 6.7832, 7.9283, 53.6765, 64.7514, 65.8837, 
predicted_gflops_mem_hicoo:
63.1596, 74.0582, 64.6646, 61.2194, 68.4192, 67.6591, 66.0065, 65.4216, 64.1363, 9.9620, 6.7832, 7.9283, 53.6765, 64.7514, 65.8837, 

predicted_gflops_cache_coo:
393.2518, 461.1100, 402.6224, 381.1711, 425.9997, 421.2671, 410.9771, 407.3356, 399.3327, 62.0268, 42.2344, 49.3640, 334.2070, 403.1626, 410.2124, 
predicted_gflops_cache_hicoo:
393.2518, 461.1100, 402.6224, 381.1711, 425.9997, 421.2671, 410.9771, 407.3356, 399.3327, 62.0268, 42.2344, 49.3640, 334.2070, 403.1626, 410.2124, 


get_mttkrp_data
num_flops:
[1249048992, 3690212112, 1293779136, 1364222784, 4778234448, 5418734880, 6716197008, 6726056688, 6892778496, 341163072, 198502976, 211807360, 3468934336, 7224979840, 8968078080]
num_bytes_coo:
[7077944288, 20911201968, 7331415104, 7730595776, 27076661872, 30706164320, 38058449712, 38114321232, 39059078144, 1812428820, 1054547060, 1125226600, 18428713660, 38382705400, 47642914800]
num_bytes_hicoo:
[6839315258, 19952036169, 7008391324, 6641135944, 22740578357, 22290797774, 35157317769, 39208459227, 40578870916, 1746965016, 1009126888, 1079851832, 17825583104, 27735626752, 39543811808]

times_coo:
0.4183, 1.4850, 0.4313, 1.1803, 4.6175, 3.4181, 6.5107, 5.4314, 8.8844, 0.1996, 0.1277, 0.1280, 2.1461, 6.5028, 9.6865, 
times_hicoo:
0.2994, 0.9146, 0.3224, 0.7187, 4.5331, 3.4993, 6.4746, 7.3427, 8.1913, 0.2170, 0.1275, 0.1344, 2.2510, 7.7368, 11.0971, 

gbytes_coo:
16.9206, 14.0820, 16.9999, 6.5498, 5.8640, 8.9835, 5.8455, 7.0175, 4.3964, 9.0817, 8.2604, 8.7907, 8.5870, 5.9025, 4.9185, 
gbytes_hicoo:
22.8416, 21.8152, 21.7406, 9.2407, 5.0165, 6.3700, 5.4301, 5.3398, 4.9539, 8.0491, 7.9132, 8.0343, 7.9189, 3.5849, 3.5634, 

oi_coo:
0.1765, 0.1765, 0.1765, 0.1765, 0.1765, 0.1765, 0.1765, 0.1765, 0.1765, 0.1882, 0.1882, 0.1882, 0.1882, 0.1882, 0.1882, 
oi_hicoo:
0.1826, 0.1850, 0.1846, 0.2054, 0.2101, 0.2431, 0.1910, 0.1715, 0.1699, 0.1953, 0.1967, 0.1961, 0.1946, 0.2605, 0.2268, 

gflops_coo:
2.99, 2.49, 3.00, 1.16, 1.03, 1.59, 1.03, 1.24, 0.78, 1.71, 1.55, 1.65, 1.62, 1.11, 0.93, 
gflops_hicoo:
4.17, 4.03, 4.01, 1.90, 1.05, 1.55, 1.04, 0.92, 0.84, 1.57, 1.56, 1.58, 1.54, 0.93, 0.81, 

predicted_gflops_mem_coo:
33.5294, 33.5294, 33.5294, 33.5294, 33.5294, 33.5294, 33.5294, 33.5294, 33.5294, 35.7647, 35.7647, 35.7647, 35.7647, 35.7647, 35.7647, 
predicted_gflops_mem_hicoo:
34.6993, 35.1413, 35.0748, 39.0298, 39.9227, 46.1877, 36.2962, 32.5938, 32.2736, 37.1049, 37.3745, 37.2675, 36.9748, 49.4940, 43.0898, 

predicted_gflops_cache_coo:
208.7647, 208.7647, 208.7647, 208.7647, 208.7647, 208.7647, 208.7647, 208.7647, 208.7647, 222.6824, 222.6824, 222.6824, 222.6824, 222.6824, 222.6824, 
predicted_gflops_cache_hicoo:
216.0487, 218.8008, 218.3869, 243.0120, 248.5711, 287.5789, 225.9917, 202.9390, 200.9459, 231.0269, 232.7051, 232.0393, 230.2168, 308.1651, 268.2907, 


