intput_path: ../new-timing-results/new-timing-results-bluesky/
plot_tensors: real
ang_pattern: 0
machine_name: bluesky
tk: 24
theo_gflops: 998.00, theo_mem_bw: 190.00, theo_cache_bw: 1183.00
tensors:
['vast-2015-mc1', 'nell2', 'choa700k', '1998DARPA', 'freebase_music', 'flickr', 'freebase_sampled', 'delicious', 'nell1', 'chicago-crime-comm-4d', 'nips-4d', 'uber-4d', 'enron-4d', 'flickr-4d', 'delicious-4d']

nnzs:
[26021854, 76879419, 26953732, 28421308, 99546551, 112890310, 139920771, 140126181, 143599552, 5330673, 3101609, 3309490, 54202099, 112890310, 140126220]
nfibs:
[8769369.0, 10781860.833333334, 8244693.333333333, 10782327.833333334, 23315886.0, 28006562.944444444, 39084915.38095238, 40744884.0, 45469472.55555555, 39855402.58064516, 35510433.22857143, 31940004.64102564, 31069190.441860463, 34333687.19148936, 39476459.078431375]
nbs:
[69890, 1545199, 618400, 6170677, 41435625, 40414597, 64244121, 138505710, 143382877, 7718, 50364, 25503, 2007383, 40410398, 111694192]
nnzbs:
[372, 49, 43, 4, 2, 2, 2, 1, 1, 690, 61, 129, 27, 2, 1]

get_tew_data
num_flops:
[26021854, 76879419, 26953732, 28421308, 99546551, 112890310, 139920771, 140126181, 143599552, 5330673, 3101609, 3309490, 54202099, 112890310, 140126220]
num_bytes_coo:
[312262248, 922553028, 323444784, 341055696, 1194558612, 1354683720, 1679049252, 1681514172, 1723194624, 63968076, 37219308, 39713880, 650425188, 1354683720, 1681514640]
num_bytes_hicoo:
[312262248, 922553028, 323444784, 341055696, 1194558612, 1354683720, 1679049252, 1681514172, 1723194624, 63968076, 37219308, 39713880, 650425188, 1354683720, 1681514640]

times_coo:
0.0031, 0.0097, 0.0032, 0.0034, 0.0124, 0.0145, 0.0176, 0.0176, 0.0180, 0.0007, 0.0003, 0.0003, 0.0067, 0.0141, 0.0176, 
times_hicoo:
0.0031, 0.0097, 0.0034, 0.0034, 0.0125, 0.0153, 0.0177, 0.0179, 0.0183, 0.0004, 0.0003, 0.0003, 0.0069, 0.0143, 0.0177, 

gbytes_coo:
99.4460, 95.4740, 101.5046, 101.5457, 96.4736, 93.3373, 95.5596, 95.7542, 95.8064, 88.3696, 133.8761, 130.1077, 97.5715, 95.8958, 95.6472, 
gbytes_hicoo:
101.2987, 94.9882, 96.3701, 100.6812, 95.4160, 88.4259, 95.0554, 93.9343, 94.1212, 175.9031, 128.4589, 123.9185, 94.0895, 94.7927, 95.0088, 

oi_coo:
0.0833, 0.0833, 0.0833, 0.0833, 0.0833, 0.0833, 0.0833, 0.0833, 0.0833, 0.0833, 0.0833, 0.0833, 0.0833, 0.0833, 0.0833, 
oi_hicoo:
0.0833, 0.0833, 0.0833, 0.0833, 0.0833, 0.0833, 0.0833, 0.0833, 0.0833, 0.0833, 0.0833, 0.0833, 0.0833, 0.0833, 0.0833, 

gflops_coo:
8.29, 7.96, 8.46, 8.46, 8.04, 7.78, 7.96, 7.98, 7.98, 7.36, 11.16, 10.84, 8.13, 7.99, 7.97, 
gflops_hicoo:
8.44, 7.92, 8.03, 8.39, 7.95, 7.37, 7.92, 7.83, 7.84, 14.66, 10.70, 10.33, 7.84, 7.90, 7.92, 

predicted_gflops_mem_coo:
15.8333, 15.8333, 15.8333, 15.8333, 15.8333, 15.8333, 15.8333, 15.8333, 15.8333, 15.8333, 15.8333, 15.8333, 15.8333, 15.8333, 15.8333, 
predicted_gflops_mem_hicoo:
15.8333, 15.8333, 15.8333, 15.8333, 15.8333, 15.8333, 15.8333, 15.8333, 15.8333, 15.8333, 15.8333, 15.8333, 15.8333, 15.8333, 15.8333, 

predicted_gflops_cache_coo:
98.5833, 98.5833, 98.5833, 98.5833, 98.5833, 98.5833, 98.5833, 98.5833, 98.5833, 98.5833, 98.5833, 98.5833, 98.5833, 98.5833, 98.5833, 
predicted_gflops_cache_hicoo:
98.5833, 98.5833, 98.5833, 98.5833, 98.5833, 98.5833, 98.5833, 98.5833, 98.5833, 98.5833, 98.5833, 98.5833, 98.5833, 98.5833, 98.5833, 


get_ts_data
num_flops:
[26021854, 76879419, 26953732, 28421308, 99546551, 112890310, 139920771, 140126181, 143599552, 5330673, 3101609, 3309490, 54202099, 112890310, 140126220]
num_bytes_coo:
[312262248, 922553028, 323444784, 341055696, 1194558612, 1354683720, 1679049252, 1681514172, 1723194624, 63968076, 37219308, 39713880, 650425188, 1354683720, 1681514640]
num_bytes_hicoo:
[312262248, 922553028, 323444784, 341055696, 1194558612, 1354683720, 1679049252, 1681514172, 1723194624, 63968076, 37219308, 39713880, 650425188, 1354683720, 1681514640]

times_coo:
0.0012, 0.0048, 0.0013, 0.0013, 0.0061, 0.0075, 0.0093, 0.0089, 0.0092, 0.0001, 0.0001, 0.0001, 0.0030, 0.0072, 0.0090, 
times_hicoo:
0.0012, 0.0048, 0.0013, 0.0013, 0.0060, 0.0076, 0.0088, 0.0086, 0.0093, 0.0001, 0.0000, 0.0000, 0.0031, 0.0073, 0.0093, 

gbytes_coo:
253.9090, 192.7109, 248.1521, 265.8120, 197.2990, 180.5917, 180.8815, 189.0557, 187.0390, 523.2759, 620.6735, 590.0900, 214.9159, 189.1862, 187.4204, 
gbytes_hicoo:
250.3323, 192.4527, 249.5193, 256.8615, 199.5148, 179.0687, 191.4426, 194.4434, 184.8153, 520.1976, 844.0173, 817.1984, 209.9445, 185.0185, 181.2899, 

oi_coo:
0.0833, 0.0833, 0.0833, 0.0833, 0.0833, 0.0833, 0.0833, 0.0833, 0.0833, 0.0833, 0.0833, 0.0833, 0.0833, 0.0833, 0.0833, 
oi_hicoo:
0.0833, 0.0833, 0.0833, 0.0833, 0.0833, 0.0833, 0.0833, 0.0833, 0.0833, 0.0833, 0.0833, 0.0833, 0.0833, 0.0833, 0.0833, 

gflops_coo:
21.16, 16.06, 20.68, 22.15, 16.44, 15.05, 15.07, 15.75, 15.59, 43.61, 51.72, 49.17, 17.91, 15.77, 15.62, 
gflops_hicoo:
20.86, 16.04, 20.79, 21.41, 16.63, 14.92, 15.95, 16.20, 15.40, 43.35, 70.33, 68.10, 17.50, 15.42, 15.11, 

predicted_gflops_mem_coo:
15.8333, 15.8333, 15.8333, 15.8333, 15.8333, 15.8333, 15.8333, 15.8333, 15.8333, 15.8333, 15.8333, 15.8333, 15.8333, 15.8333, 15.8333, 
predicted_gflops_mem_hicoo:
15.8333, 15.8333, 15.8333, 15.8333, 15.8333, 15.8333, 15.8333, 15.8333, 15.8333, 15.8333, 15.8333, 15.8333, 15.8333, 15.8333, 15.8333, 

predicted_gflops_cache_coo:
98.5833, 98.5833, 98.5833, 98.5833, 98.5833, 98.5833, 98.5833, 98.5833, 98.5833, 98.5833, 98.5833, 98.5833, 98.5833, 98.5833, 98.5833, 
predicted_gflops_cache_hicoo:
98.5833, 98.5833, 98.5833, 98.5833, 98.5833, 98.5833, 98.5833, 98.5833, 98.5833, 98.5833, 98.5833, 98.5833, 98.5833, 98.5833, 98.5833, 


get_ttv_data
num_flops:
[52043708, 153758838, 53907464, 56842616, 199093102, 225780620, 279841542, 280252362, 287199104, 10661346, 6203218, 6618980, 108404198, 225780620, 280252440]
num_bytes_coo:
[452572152.0, 1095062801.3333333, 455359877.3333333, 513572941.3333334, 1567612788.0, 1802788727.1111112, 2304407898.095238, 2333432316.0, 2450706184.888889, 701654517.2903225, 605386239.6571429, 550753954.2564102, 1147532235.0697675, 1904022715.06383, 2313137985.254902]
num_bytes_hicoo:
[452572152.0, 1095062801.3333333, 455359877.3333333, 513572941.3333334, 1567612788.0, 1802788727.1111112, 2304407898.095238, 2333432316.0, 2450706184.888889, 701654517.2903225, 605386239.6571429, 550753954.2564102, 1147532235.0697675, 1904022715.06383, 2313137985.254902]

times_coo:
0.0046, 0.0125, 0.0109, 0.0113, 0.1078, 0.0278, 0.1638, 0.0408, 0.0539, 0.0042, 0.0022, 0.0030, 0.0133, 0.0301, 0.0474, 
times_hicoo:
0.0044, 0.0126, 0.0086, 0.0121, 0.1060, 0.0291, 0.1606, 0.0492, 0.0609, 0.0009, 0.0008, 0.0005, 0.0132, 0.0304, 0.0540, 

gbytes_coo:
98.2630, 87.9187, 41.8421, 45.4389, 14.5419, 64.8860, 14.0710, 57.1359, 45.4921, 168.2457, 270.7445, 182.6764, 86.1568, 63.3216, 48.7653, 
gbytes_hicoo:
104.0237, 86.6721, 52.7690, 42.3050, 14.7872, 61.8598, 14.3502, 47.4386, 40.2359, 766.2617, 804.5108, 1222.0474, 86.7147, 62.6343, 42.8639, 

oi_coo:
0.1150, 0.1404, 0.1184, 0.1107, 0.1270, 0.1252, 0.1214, 0.1201, 0.1172, 0.0152, 0.0102, 0.0120, 0.0945, 0.1186, 0.1212, 
oi_hicoo:
0.1150, 0.1404, 0.1184, 0.1107, 0.1270, 0.1252, 0.1214, 0.1201, 0.1172, 0.0152, 0.0102, 0.0120, 0.0945, 0.1186, 0.1212, 

gflops_coo:
11.30, 12.34, 4.95, 5.03, 1.85, 8.13, 1.71, 6.86, 5.33, 2.56, 2.77, 2.20, 8.14, 7.51, 5.91, 
gflops_hicoo:
11.96, 12.17, 6.25, 4.68, 1.88, 7.75, 1.74, 5.70, 4.72, 11.64, 8.24, 14.69, 8.19, 7.43, 5.19, 

predicted_gflops_mem_coo:
21.8491, 26.6781, 22.4930, 21.0293, 24.1308, 23.7955, 23.0731, 22.8196, 22.2662, 2.8870, 1.9469, 2.2834, 17.9488, 22.5304, 23.0198, 
predicted_gflops_mem_hicoo:
21.8491, 26.6781, 22.4930, 21.0293, 24.1308, 23.7955, 23.0731, 22.8196, 22.2662, 2.8870, 1.9469, 2.2834, 17.9488, 22.5304, 23.0198, 

predicted_gflops_cache_coo:
136.0395, 166.1062, 140.0486, 130.9353, 150.2457, 148.1585, 143.6606, 142.0819, 138.6362, 17.9752, 12.1219, 14.2173, 111.7547, 140.2811, 143.3285, 
predicted_gflops_cache_hicoo:
136.0395, 166.1062, 140.0486, 130.9353, 150.2457, 148.1585, 143.6606, 142.0819, 138.6362, 17.9752, 12.1219, 14.2173, 111.7547, 140.2811, 143.3285, 


get_ttm_data
num_flops:
[832699328, 2460141408, 862519424, 909481856, 3185489632, 3612489920, 4477464672, 4484037792, 4595185664, 170581536, 99251488, 105903680, 1734467168, 3612489920, 4484039040]
num_bytes_coo:
[2504968056.0, 6311612148.0, 2534286624.0, 2822661780.0, 8846095464.0, 10144574852.0, 12888409419.428572, 13022716680.0, 13612969768.0, 3253397441.8064513, 2780067040.457143, 2537963614.1538463, 6139532839.813953, 10600127797.787235, 12931392893.647058]
num_bytes_hicoo:
[2504968056.0, 6311612148.0, 2534286624.0, 2822661780.0, 8846095464.0, 10144574852.0, 12888409419.428572, 13022716680.0, 13612969768.0, 3253397441.8064513, 2780067040.457143, 2537963614.1538463, 6139532839.813953, 10600127797.787235, 12931392893.647058]

times_coo:
0.0260, 0.0599, 0.0738, 0.0772, 0.6447, 0.1265, 0.9634, 0.1628, 0.2745, 0.0038, 0.0027, 0.0020, 0.0648, 0.1376, 0.1891, 
times_hicoo:
0.0264, 0.0599, 0.0763, 0.0777, 0.6408, 0.1424, 0.9627, 0.1862, 0.2802, 0.0042, 0.0029, 0.0027, 0.0632, 0.1466, 0.2082, 

gbytes_coo:
96.1912, 105.3352, 34.3531, 36.5645, 13.7221, 80.1998, 13.3776, 80.0114, 49.5842, 863.6592, 1036.8807, 1254.9686, 94.7780, 77.0382, 68.3788, 
gbytes_hicoo:
94.8428, 105.4110, 33.2316, 36.3362, 13.8054, 71.2571, 13.3875, 69.9398, 48.5815, 772.9284, 963.8115, 935.2518, 97.2128, 72.2916, 62.1029, 

oi_coo:
0.3324, 0.3898, 0.3403, 0.3222, 0.3601, 0.3561, 0.3474, 0.3443, 0.3376, 0.0524, 0.0357, 0.0417, 0.2825, 0.3408, 0.3468, 
oi_hicoo:
0.3324, 0.3898, 0.3403, 0.3222, 0.3601, 0.3561, 0.3474, 0.3443, 0.3376, 0.0524, 0.0357, 0.0417, 0.2825, 0.3408, 0.3468, 

gflops_coo:
31.98, 41.06, 11.69, 11.78, 4.94, 28.56, 4.65, 27.55, 16.74, 45.28, 37.02, 52.37, 26.78, 26.25, 23.71, 
gflops_hicoo:
31.53, 41.09, 11.31, 11.71, 4.97, 25.37, 4.65, 24.08, 16.40, 40.53, 34.41, 39.03, 27.46, 24.64, 21.53, 

predicted_gflops_mem_coo:
63.1596, 74.0582, 64.6646, 61.2194, 68.4192, 67.6591, 66.0065, 65.4216, 64.1363, 9.9620, 6.7832, 7.9283, 53.6765, 64.7514, 65.8837, 
predicted_gflops_mem_hicoo:
63.1596, 74.0582, 64.6646, 61.2194, 68.4192, 67.6591, 66.0065, 65.4216, 64.1363, 9.9620, 6.7832, 7.9283, 53.6765, 64.7514, 65.8837, 

predicted_gflops_cache_coo:
393.2518, 461.1100, 402.6224, 381.1711, 425.9997, 421.2671, 410.9771, 407.3356, 399.3327, 62.0268, 42.2344, 49.3640, 334.2070, 403.1626, 410.2124, 
predicted_gflops_cache_hicoo:
393.2518, 461.1100, 402.6224, 381.1711, 425.9997, 421.2671, 410.9771, 407.3356, 399.3327, 62.0268, 42.2344, 49.3640, 334.2070, 403.1626, 410.2124, 


get_mttkrp_data
num_flops:
[1249048992, 3690212112, 1293779136, 1364222784, 4778234448, 5418734880, 6716197008, 6726056688, 6892778496, 341163072, 198502976, 211807360, 3468934336, 7224979840, 8968078080]
num_bytes_coo:
[7077944288, 20911201968, 7331415104, 7730595776, 27076661872, 30706164320, 38058449712, 38114321232, 39059078144, 1812428820, 1054547060, 1125226600, 18428713660, 38382705400, 47642914800]
num_bytes_hicoo:
[6839315258, 19952036169, 7008391324, 6641135944, 22740578357, 22290797774, 35157317769, 39208459227, 40578870916, 1746965016, 1009126888, 1079851832, 17825583104, 27735626752, 39543811808]

times_coo:
12.0186, 1.1181, 1.1861, 4.0529, 7.2948, 1.4809, 7.4191, 1.3152, 1.3098, 0.6981, 0.2129, 0.2132, 1.9649, 3.7232, 4.7015, 
times_hicoo:
11.8485, 1.3301, 1.2824, 4.0835, 6.8216, 1.5525, 6.7379, 1.5062, 1.4274, 0.5826, 0.2020, 0.2454, 3.4918, 2.4560, 5.1130, 

gbytes_coo:
0.5889, 18.7016, 6.1813, 1.9074, 3.7118, 20.7349, 5.1298, 28.9807, 29.8199, 2.5961, 4.9535, 5.2772, 9.3788, 10.3092, 10.1336, 
gbytes_hicoo:
0.5772, 15.0006, 5.4649, 1.6263, 3.3336, 14.3576, 5.2179, 26.0312, 28.4294, 2.9987, 4.9968, 4.3996, 5.1049, 11.2931, 7.7340, 

oi_coo:
0.1765, 0.1765, 0.1765, 0.1765, 0.1765, 0.1765, 0.1765, 0.1765, 0.1765, 0.1882, 0.1882, 0.1882, 0.1882, 0.1882, 0.1882, 
oi_hicoo:
0.1826, 0.1850, 0.1846, 0.2054, 0.2101, 0.2431, 0.1910, 0.1715, 0.1699, 0.1953, 0.1967, 0.1961, 0.1946, 0.2605, 0.2268, 

gflops_coo:
0.10, 3.30, 1.09, 0.34, 0.66, 3.66, 0.91, 5.11, 5.26, 0.49, 0.93, 0.99, 1.77, 1.94, 1.91, 
gflops_hicoo:
0.11, 2.77, 1.01, 0.33, 0.70, 3.49, 1.00, 4.47, 4.83, 0.59, 0.98, 0.86, 0.99, 2.94, 1.75, 

predicted_gflops_mem_coo:
33.5294, 33.5294, 33.5294, 33.5294, 33.5294, 33.5294, 33.5294, 33.5294, 33.5294, 35.7647, 35.7647, 35.7647, 35.7647, 35.7647, 35.7647, 
predicted_gflops_mem_hicoo:
34.6993, 35.1413, 35.0748, 39.0298, 39.9227, 46.1877, 36.2962, 32.5938, 32.2736, 37.1049, 37.3745, 37.2675, 36.9748, 49.4940, 43.0898, 

predicted_gflops_cache_coo:
208.7647, 208.7647, 208.7647, 208.7647, 208.7647, 208.7647, 208.7647, 208.7647, 208.7647, 222.6824, 222.6824, 222.6824, 222.6824, 222.6824, 222.6824, 
predicted_gflops_cache_hicoo:
216.0487, 218.8008, 218.3869, 243.0120, 248.5711, 287.5789, 225.9917, 202.9390, 200.9459, 231.0269, 232.7051, 232.0393, 230.2168, 308.1651, 268.2907, 


