intput_path: ../new-timing-results/new-timing-results-wingtip-bigmem2/
plot_tensors: real
ang_pattern: 0
machine_name: wingtip-bigmem2
tk: 56
theo_gflops: 1971.00, theo_mem_bw: 188.00, theo_cache_bw: 1540.00
tensors:
['vast-2015-mc1', 'nell2', 'choa700k', '1998DARPA', 'freebase_music', 'flickr', 'freebase_sampled', 'delicious', 'nell1', 'chicago-crime-comm-4d', 'nips-4d', 'uber-4d', 'enron-4d', 'flickr-4d', 'delicious-4d']

nnzs:
[26021854, 76879419, 26953732, 28421308, 99546551, 112890310, 139920771, 140126181, 143599552, 5330673, 3101609, 3309490, 54202099, 112890310, 140126220]
nfibs:
[8769369.0, 10781860.833333334, 8244693.333333333, 10782327.833333334, 23315886.0, 28006562.944444444, 39084915.38095238, 40744884.0, 45469472.55555555, 39855402.58064516, 35510433.22857143, 31940004.64102564, 31069190.441860463, 34333687.19148936, 39476459.078431375]
nbs:
[69890, 1545199, 618400, 6170677, 41435625, 40414597, 64244121, 138505710, 143382877, 7718, 50364, 25503, 2007383, 40410398, 111694192]
nnzbs:
[372, 49, 43, 4, 2, 2, 2, 1, 1, 690, 61, 129, 27, 2, 1]

get_tew_data
num_flops:
[26021854, 76879419, 26953732, 28421308, 99546551, 112890310, 139920771, 140126181, 143599552, 5330673, 3101609, 3309490, 54202099, 112890310, 140126220]
num_bytes_coo:
[312262248, 922553028, 323444784, 341055696, 1194558612, 1354683720, 1679049252, 1681514172, 1723194624, 63968076, 37219308, 39713880, 650425188, 1354683720, 1681514640]
num_bytes_hicoo:
[312262248, 922553028, 323444784, 341055696, 1194558612, 1354683720, 1679049252, 1681514172, 1723194624, 63968076, 37219308, 39713880, 650425188, 1354683720, 1681514640]

times_coo:
0.0037, 0.0102, 0.0038, 0.0039, 0.0133, 0.0150, 0.0187, 0.0187, 0.0205, 0.0007, 0.0024, 0.0013, 0.0072, 0.0138, 0.0176, 
times_hicoo:
0.0033, 0.0095, 0.0033, 0.0035, 0.0123, 0.0143, 0.0176, 0.0167, 0.0180, 0.0002, 0.0001, 0.0001, 0.0069, 0.0139, 0.0173, 

gbytes_coo:
83.9237, 90.5149, 84.7719, 87.8910, 89.7824, 90.1402, 89.7914, 89.7576, 84.0767, 94.5602, 15.6856, 29.4920, 90.6758, 98.0084, 95.4559, 
gbytes_hicoo:
95.4838, 96.9403, 98.0503, 97.1657, 96.8756, 94.6308, 95.2153, 100.3956, 95.9717, 379.7366, 506.4761, 596.6844, 94.3034, 97.7032, 97.4368, 

oi_coo:
0.0833, 0.0833, 0.0833, 0.0833, 0.0833, 0.0833, 0.0833, 0.0833, 0.0833, 0.0833, 0.0833, 0.0833, 0.0833, 0.0833, 0.0833, 
oi_hicoo:
0.0833, 0.0833, 0.0833, 0.0833, 0.0833, 0.0833, 0.0833, 0.0833, 0.0833, 0.0833, 0.0833, 0.0833, 0.0833, 0.0833, 0.0833, 

gflops_coo:
6.99, 7.54, 7.06, 7.32, 7.48, 7.51, 7.48, 7.48, 7.01, 7.88, 1.31, 2.46, 7.56, 8.17, 7.95, 
gflops_hicoo:
7.96, 8.08, 8.17, 8.10, 8.07, 7.89, 7.93, 8.37, 8.00, 31.64, 42.21, 49.72, 7.86, 8.14, 8.12, 

predicted_gflops_mem_coo:
15.6667, 15.6667, 15.6667, 15.6667, 15.6667, 15.6667, 15.6667, 15.6667, 15.6667, 15.6667, 15.6667, 15.6667, 15.6667, 15.6667, 15.6667, 
predicted_gflops_mem_hicoo:
15.6667, 15.6667, 15.6667, 15.6667, 15.6667, 15.6667, 15.6667, 15.6667, 15.6667, 15.6667, 15.6667, 15.6667, 15.6667, 15.6667, 15.6667, 

predicted_gflops_cache_coo:
128.3333, 128.3333, 128.3333, 128.3333, 128.3333, 128.3333, 128.3333, 128.3333, 128.3333, 128.3333, 128.3333, 128.3333, 128.3333, 128.3333, 128.3333, 
predicted_gflops_cache_hicoo:
128.3333, 128.3333, 128.3333, 128.3333, 128.3333, 128.3333, 128.3333, 128.3333, 128.3333, 128.3333, 128.3333, 128.3333, 128.3333, 128.3333, 128.3333, 


get_ts_data
num_flops:
[26021854, 76879419, 26953732, 28421308, 99546551, 112890310, 139920771, 140126181, 143599552, 5330673, 3101609, 3309490, 54202099, 112890310, 140126220]
num_bytes_coo:
[312262248, 922553028, 323444784, 341055696, 1194558612, 1354683720, 1679049252, 1681514172, 1723194624, 63968076, 37219308, 39713880, 650425188, 1354683720, 1681514640]
num_bytes_hicoo:
[312262248, 922553028, 323444784, 341055696, 1194558612, 1354683720, 1679049252, 1681514172, 1723194624, 63968076, 37219308, 39713880, 650425188, 1354683720, 1681514640]

times_coo:
0.0051, 0.0066, 0.0014, 0.0039, 0.0051, 0.0061, 0.0077, 0.0077, 0.0104, 0.0040, 0.0006, 0.0006, 0.0033, 0.0064, 0.0079, 
times_hicoo:
0.0006, 0.0039, 0.0007, 0.0008, 0.0052, 0.0059, 0.0074, 0.0074, 0.0076, 0.0001, 0.0000, 0.0000, 0.0026, 0.0060, 0.0074, 

gbytes_coo:
61.4144, 140.5536, 225.4762, 87.2618, 233.2616, 223.6158, 217.9298, 219.3069, 166.3509, 15.9789, 60.0085, 71.8138, 198.1994, 212.1039, 212.5203, 
gbytes_hicoo:
504.7480, 237.7695, 482.2389, 446.0719, 230.5190, 228.1224, 227.3226, 225.8462, 226.0447, 1239.6530, 831.3523, 873.6313, 248.4811, 227.4828, 226.1450, 

oi_coo:
0.0833, 0.0833, 0.0833, 0.0833, 0.0833, 0.0833, 0.0833, 0.0833, 0.0833, 0.0833, 0.0833, 0.0833, 0.0833, 0.0833, 0.0833, 
oi_hicoo:
0.0833, 0.0833, 0.0833, 0.0833, 0.0833, 0.0833, 0.0833, 0.0833, 0.0833, 0.0833, 0.0833, 0.0833, 0.0833, 0.0833, 0.0833, 

gflops_coo:
5.12, 11.71, 18.79, 7.27, 19.44, 18.63, 18.16, 18.28, 13.86, 1.33, 5.00, 5.98, 16.52, 17.68, 17.71, 
gflops_hicoo:
42.06, 19.81, 40.19, 37.17, 19.21, 19.01, 18.94, 18.82, 18.84, 103.30, 69.28, 72.80, 20.71, 18.96, 18.85, 

predicted_gflops_mem_coo:
15.6667, 15.6667, 15.6667, 15.6667, 15.6667, 15.6667, 15.6667, 15.6667, 15.6667, 15.6667, 15.6667, 15.6667, 15.6667, 15.6667, 15.6667, 
predicted_gflops_mem_hicoo:
15.6667, 15.6667, 15.6667, 15.6667, 15.6667, 15.6667, 15.6667, 15.6667, 15.6667, 15.6667, 15.6667, 15.6667, 15.6667, 15.6667, 15.6667, 

predicted_gflops_cache_coo:
128.3333, 128.3333, 128.3333, 128.3333, 128.3333, 128.3333, 128.3333, 128.3333, 128.3333, 128.3333, 128.3333, 128.3333, 128.3333, 128.3333, 128.3333, 
predicted_gflops_cache_hicoo:
128.3333, 128.3333, 128.3333, 128.3333, 128.3333, 128.3333, 128.3333, 128.3333, 128.3333, 128.3333, 128.3333, 128.3333, 128.3333, 128.3333, 128.3333, 


get_ttv_data
num_flops:
[52043708, 153758838, 53907464, 56842616, 199093102, 225780620, 279841542, 280252362, 287199104, 10661346, 6203218, 6618980, 108404198, 225780620, 280252440]
num_bytes_coo:
[452572152.0, 1095062801.3333333, 455359877.3333333, 513572941.3333334, 1567612788.0, 1802788727.1111112, 2304407898.095238, 2333432316.0, 2450706184.888889, 701654517.2903225, 605386239.6571429, 550753954.2564102, 1147532235.0697675, 1904022715.06383, 2313137985.254902]
num_bytes_hicoo:
[452572152.0, 1095062801.3333333, 455359877.3333333, 513572941.3333334, 1567612788.0, 1802788727.1111112, 2304407898.095238, 2333432316.0, 2450706184.888889, 701654517.2903225, 605386239.6571429, 550753954.2564102, 1147532235.0697675, 1904022715.06383, 2313137985.254902]

times_coo:
1.3752, 2.1298, 0.5464, 2.9473, 11.6321, 8.1382, 16.3899, 8.5836, 13.8230, 0.2652, 0.2388, 0.1009, 3.4533, 11.0421, 15.8333, 
times_hicoo:
0.0156, 0.0255, 0.0160, 0.0344, 0.1742, 0.0909, 0.2910, 0.1208, 0.1712, 0.0012, 0.0015, 0.0015, 0.0381, 0.1108, 0.1710, 

gbytes_coo:
0.3291, 0.5142, 0.8334, 0.1743, 0.1348, 0.2215, 0.1406, 0.2718, 0.1773, 2.6457, 2.5354, 5.4576, 0.3323, 0.1724, 0.1461, 
gbytes_hicoo:
29.0389, 42.9445, 28.4408, 14.9105, 9.0010, 19.8242, 7.9179, 19.3242, 14.3115, 581.8254, 402.4258, 359.0536, 30.1058, 17.1827, 13.5234, 

oi_coo:
0.1150, 0.1404, 0.1184, 0.1107, 0.1270, 0.1252, 0.1214, 0.1201, 0.1172, 0.0152, 0.0102, 0.0120, 0.0945, 0.1186, 0.1212, 
oi_hicoo:
0.1150, 0.1404, 0.1184, 0.1107, 0.1270, 0.1252, 0.1214, 0.1201, 0.1172, 0.0152, 0.0102, 0.0120, 0.0945, 0.1186, 0.1212, 

gflops_coo:
0.04, 0.07, 0.10, 0.02, 0.02, 0.03, 0.02, 0.03, 0.02, 0.04, 0.03, 0.07, 0.03, 0.02, 0.02, 
gflops_hicoo:
3.34, 6.03, 3.37, 1.65, 1.14, 2.48, 0.96, 2.32, 1.68, 8.84, 4.12, 4.32, 2.84, 2.04, 1.64, 

predicted_gflops_mem_coo:
21.6191, 26.3973, 22.2562, 20.8080, 23.8768, 23.5451, 22.8303, 22.5794, 22.0318, 2.8566, 1.9264, 2.2594, 17.7598, 22.2932, 22.7775, 
predicted_gflops_mem_hicoo:
21.6191, 26.3973, 22.2562, 20.8080, 23.8768, 23.5451, 22.8303, 22.5794, 22.0318, 2.8566, 1.9264, 2.2594, 17.7598, 22.2932, 22.7775, 

predicted_gflops_cache_coo:
177.0929, 216.2329, 182.3118, 170.4483, 195.5862, 192.8691, 187.0138, 184.9587, 180.4731, 23.3997, 15.7799, 18.5078, 145.4795, 182.6145, 186.5815, 
predicted_gflops_cache_hicoo:
177.0929, 216.2329, 182.3118, 170.4483, 195.5862, 192.8691, 187.0138, 184.9587, 180.4731, 23.3997, 15.7799, 18.5078, 145.4795, 182.6145, 186.5815, 


get_ttm_data
num_flops:
[832699328, 2460141408, 862519424, 909481856, 3185489632, 3612489920, 4477464672, 4484037792, 4595185664, 170581536, 99251488, 105903680, 1734467168, 3612489920, 4484039040]
num_bytes_coo:
[2504968056.0, 6311612148.0, 2534286624.0, 2822661780.0, 8846095464.0, 10144574852.0, 12888409419.428572, 13022716680.0, 13612969768.0, 3253397441.8064513, 2780067040.457143, 2537963614.1538463, 6139532839.813953, 10600127797.787235, 12931392893.647058]
num_bytes_hicoo:
[2504968056.0, 6311612148.0, 2534286624.0, 2822661780.0, 8846095464.0, 10144574852.0, 12888409419.428572, 13022716680.0, 13612969768.0, 3253397441.8064513, 2780067040.457143, 2537963614.1538463, 6139532839.813953, 10600127797.787235, 12931392893.647058]

times_coo:
1.2802, 1.9665, 0.4801, 2.7402, 10.9083, 7.9005, 15.9555, 7.7025, 12.5392, 0.2874, 0.2710, 0.1053, 3.3196, 10.0533, 14.6086, 
times_hicoo:
0.0265, 0.0917, 0.1249, 0.1351, 0.8747, 0.1526, 1.4943, 0.2384, 0.3473, 0.0069, 0.0057, 0.0062, 0.0684, 0.1474, 0.2601, 

gbytes_coo:
1.9567, 3.2096, 5.2791, 1.0301, 0.8109, 1.2840, 0.8078, 1.6907, 1.0856, 11.3217, 10.2591, 24.0915, 1.8495, 1.0544, 0.8852, 
gbytes_hicoo:
94.4977, 68.7959, 20.2842, 20.8949, 10.1133, 66.4935, 8.6248, 54.6268, 39.1945, 469.7429, 490.5023, 411.5137, 89.7228, 71.9221, 49.7210, 

oi_coo:
0.3324, 0.3898, 0.3403, 0.3222, 0.3601, 0.3561, 0.3474, 0.3443, 0.3376, 0.0524, 0.0357, 0.0417, 0.2825, 0.3408, 0.3468, 
oi_hicoo:
0.3324, 0.3898, 0.3403, 0.3222, 0.3601, 0.3561, 0.3474, 0.3443, 0.3376, 0.0524, 0.0357, 0.0417, 0.2825, 0.3408, 0.3468, 

gflops_coo:
0.65, 1.25, 1.80, 0.33, 0.29, 0.46, 0.28, 0.58, 0.37, 0.59, 0.37, 1.01, 0.52, 0.36, 0.31, 
gflops_hicoo:
31.41, 26.82, 6.90, 6.73, 3.64, 23.68, 3.00, 18.81, 13.23, 24.63, 17.51, 17.17, 25.35, 24.51, 17.24, 

predicted_gflops_mem_coo:
62.4948, 73.2787, 63.9839, 60.5749, 67.6990, 66.9469, 65.3117, 64.7330, 63.4612, 9.8572, 6.7118, 7.8448, 53.1115, 64.0698, 65.1901, 
predicted_gflops_mem_hicoo:
62.4948, 73.2787, 63.9839, 60.5749, 67.6990, 66.9469, 65.3117, 64.7330, 63.4612, 9.8572, 6.7118, 7.8448, 53.1115, 64.0698, 65.1901, 

predicted_gflops_cache_coo:
511.9255, 600.2615, 524.1238, 496.1990, 554.5559, 548.3950, 534.9997, 530.2594, 519.8414, 80.7450, 54.9797, 64.2608, 435.0623, 524.8271, 534.0044, 
predicted_gflops_cache_hicoo:
511.9255, 600.2615, 524.1238, 496.1990, 554.5559, 548.3950, 534.9997, 530.2594, 519.8414, 80.7450, 54.9797, 64.2608, 435.0623, 524.8271, 534.0044, 


get_mttkrp_data
num_flops:
[1249048992, 3690212112, 1293779136, 1364222784, 4778234448, 5418734880, 6716197008, 6726056688, 6892778496, 341163072, 198502976, 211807360, 3468934336, 7224979840, 8968078080]
num_bytes_coo:
[7077944288, 20911201968, 7331415104, 7730595776, 27076661872, 30706164320, 38058449712, 38114321232, 39059078144, 1812428820, 1054547060, 1125226600, 18428713660, 38382705400, 47642914800]
num_bytes_hicoo:
[6839315258, 19952036169, 7008391324, 6641135944, 22740578357, 22290797774, 35157317769, 39208459227, 40578870916, 1746965016, 1009126888, 1079851832, 17825583104, 27735626752, 39543811808]

times_coo:
5.5079, 0.5747, 0.6758, 1.8056, 4.1493, 0.8227, 4.3714, 0.8329, 0.8413, 0.3805, 0.1357, 0.2035, 1.5589, 2.5374, 3.2867, 
times_hicoo:
6.1964, 0.7670, 0.7403, 2.2652, 4.4303, 0.9963, 4.6805, 1.0878, 1.0315, 0.3394, 0.0824, 0.1883, 3.4282, 1.6947, 3.3189, 

gbytes_coo:
1.2850, 36.3888, 10.8478, 4.2814, 6.5256, 37.3257, 8.7063, 45.7602, 46.4297, 4.7637, 7.7698, 5.5295, 11.8217, 15.1266, 14.4955, 
gbytes_hicoo:
1.1037, 26.0116, 9.4669, 2.9318, 5.1329, 22.3733, 7.5115, 36.0435, 39.3409, 5.1465, 12.2434, 5.7348, 5.1998, 16.3664, 11.9147, 

oi_coo:
0.1765, 0.1765, 0.1765, 0.1765, 0.1765, 0.1765, 0.1765, 0.1765, 0.1765, 0.1882, 0.1882, 0.1882, 0.1882, 0.1882, 0.1882, 
oi_hicoo:
0.1826, 0.1850, 0.1846, 0.2054, 0.2101, 0.2431, 0.1910, 0.1715, 0.1699, 0.1953, 0.1967, 0.1961, 0.1946, 0.2605, 0.2268, 

gflops_coo:
0.23, 6.42, 1.91, 0.76, 1.15, 6.59, 1.54, 8.08, 8.19, 0.90, 1.46, 1.04, 2.23, 2.85, 2.73, 
gflops_hicoo:
0.20, 4.81, 1.75, 0.60, 1.08, 5.44, 1.43, 6.18, 6.68, 1.01, 2.41, 1.12, 1.01, 4.26, 2.70, 

predicted_gflops_mem_coo:
33.1765, 33.1765, 33.1765, 33.1765, 33.1765, 33.1765, 33.1765, 33.1765, 33.1765, 35.3882, 35.3882, 35.3882, 35.3882, 35.3882, 35.3882, 
predicted_gflops_mem_hicoo:
34.3340, 34.7714, 34.7056, 38.6190, 39.5024, 45.7015, 35.9141, 32.2507, 31.9339, 36.7143, 36.9810, 36.8752, 36.5856, 48.9730, 42.6362, 

predicted_gflops_cache_coo:
271.7647, 271.7647, 271.7647, 271.7647, 271.7647, 271.7647, 271.7647, 271.7647, 271.7647, 289.8824, 289.8824, 289.8824, 289.8824, 289.8824, 289.8824, 
predicted_gflops_cache_hicoo:
281.2468, 284.8294, 284.2906, 316.3469, 323.5837, 374.3631, 294.1903, 264.1809, 261.5864, 300.7451, 302.9298, 302.0630, 299.6906, 401.1616, 349.2541, 


