intput_path: ../new-timing-results/new-timing-results-wingtip-bigmem2/
plot_tensors: real
ang_pattern: 0
machine_name: wingtip-bigmem2
theo_gflops: 1971.00, theo_mem_bw: 188.00, theo_cache_bw: 1540.00
tensors:
['vast-2015-mc1', 'nell2', 'choa700k', '1998DARPA', 'freebase_music', 'flickr', 'freebase_sampled', 'delicious', 'nell1', 'chicago-crime-comm-4d', 'nips-4d', 'uber-4d', 'enron-4d', 'flickr-4d', 'delicious-4d']

nnzs:
[26021854, 76879419, 26953732, 28421308, 99546551, 112890310, 139920771, 140126181, 143599552, 5330673, 3101609, 3309490, 54202099, 112890310, 140126220]
nfibs:
[8769369.0, 10781860.833333334, 8244693.333333333, 10782327.833333334, 23315886.0, 28006562.944444444, 39084915.38095238, 40744884.0, 45469472.55555555, 39855402.58064516, 35510433.22857143, 31940004.64102564, 31069190.441860463, 34333687.19148936, 39476459.078431375]
nbs:
[69890, 1545199, 618400, 6170677, 41435625, 40414597, 64244121, 138505710, 143382877, 7718, 50364, 25503, 2007383, 40410398, 111694192]
nnzbs:
[372, 49, 43, 4, 2, 2, 2, 1, 1, 690, 61, 129, 27, 2, 1]

get_tew_data
num_flops:
[26021854, 76879419, 26953732, 28421308, 99546551, 112890310, 139920771, 140126181, 143599552, 5330673, 3101609, 3309490, 54202099, 112890310, 140126220]
num_bytes_coo:
[312262248, 922553028, 323444784, 341055696, 1194558612, 1354683720, 1679049252, 1681514172, 1723194624, 63968076, 37219308, 39713880, 650425188, 1354683720, 1681514640]
num_bytes_hicoo:
[312262248, 922553028, 323444784, 341055696, 1194558612, 1354683720, 1679049252, 1681514172, 1723194624, 63968076, 37219308, 39713880, 650425188, 1354683720, 1681514640]

times_coo:
0.0351, 0.1137, 0.0360, 0.0402, 0.1710, 0.1883, 0.2117, 0.2350, 0.2298, 0.0061, 0.0033, 0.0032, 0.0835, 0.1685, 0.2068, 
times_hicoo:
0.0338, 0.1033, 0.0354, 0.0385, 0.1352, 0.1521, 0.1889, 0.1873, 0.1947, 0.0072, 0.0039, 0.0042, 0.0728, 0.1524, 0.1851, 

gbytes_coo:
8.9023, 8.1108, 8.9901, 8.4898, 6.9854, 7.1962, 7.9317, 7.1561, 7.5002, 10.5119, 11.4357, 12.5415, 7.7921, 8.0396, 8.1320, 
gbytes_hicoo:
9.2420, 8.9297, 9.1295, 8.8630, 8.8364, 8.9066, 8.8904, 8.9793, 8.8524, 8.9172, 9.5426, 9.5526, 8.9368, 8.8894, 9.0858, 

oi_coo:
0.0833, 0.0833, 0.0833, 0.0833, 0.0833, 0.0833, 0.0833, 0.0833, 0.0833, 0.0833, 0.0833, 0.0833, 0.0833, 0.0833, 0.0833, 
oi_hicoo:
0.0833, 0.0833, 0.0833, 0.0833, 0.0833, 0.0833, 0.0833, 0.0833, 0.0833, 0.0833, 0.0833, 0.0833, 0.0833, 0.0833, 0.0833, 

gflops_coo:
0.74, 0.68, 0.75, 0.71, 0.58, 0.60, 0.66, 0.60, 0.63, 0.88, 0.95, 1.05, 0.65, 0.67, 0.68, 
gflops_hicoo:
0.77, 0.74, 0.76, 0.74, 0.74, 0.74, 0.74, 0.75, 0.74, 0.74, 0.80, 0.80, 0.74, 0.74, 0.76, 

predicted_gflops_mem_coo:
15.6667, 15.6667, 15.6667, 15.6667, 15.6667, 15.6667, 15.6667, 15.6667, 15.6667, 15.6667, 15.6667, 15.6667, 15.6667, 15.6667, 15.6667, 
predicted_gflops_mem_hicoo:
15.6667, 15.6667, 15.6667, 15.6667, 15.6667, 15.6667, 15.6667, 15.6667, 15.6667, 15.6667, 15.6667, 15.6667, 15.6667, 15.6667, 15.6667, 

predicted_gflops_cache_coo:
128.3333, 128.3333, 128.3333, 128.3333, 128.3333, 128.3333, 128.3333, 128.3333, 128.3333, 128.3333, 128.3333, 128.3333, 128.3333, 128.3333, 128.3333, 
predicted_gflops_cache_hicoo:
128.3333, 128.3333, 128.3333, 128.3333, 128.3333, 128.3333, 128.3333, 128.3333, 128.3333, 128.3333, 128.3333, 128.3333, 128.3333, 128.3333, 128.3333, 


get_ts_data
num_flops:
[26021854, 76879419, 26953732, 28421308, 99546551, 112890310, 139920771, 140126181, 143599552, 5330673, 3101609, 3309490, 54202099, 112890310, 140126220]
num_bytes_coo:
[312262248, 922553028, 323444784, 341055696, 1194558612, 1354683720, 1679049252, 1681514172, 1723194624, 63968076, 37219308, 39713880, 650425188, 1354683720, 1681514640]
num_bytes_hicoo:
[312262248, 922553028, 323444784, 341055696, 1194558612, 1354683720, 1679049252, 1681514172, 1723194624, 63968076, 37219308, 39713880, 650425188, 1354683720, 1681514640]

times_coo:
0.0158, 0.0468, 0.0161, 0.0171, 0.0621, 0.0703, 0.0863, 0.0965, 0.0868, 0.0023, 0.0008, 0.0009, 0.0357, 0.0879, 0.0847, 
times_hicoo:
0.0216, 0.0596, 0.0223, 0.0237, 0.0776, 0.0860, 0.1063, 0.1089, 0.1104, 0.0044, 0.0026, 0.0029, 0.0436, 0.0889, 0.1075, 

times_coo:
0.0158, 0.0468, 0.0161, 0.0171, 0.0621, 0.0703, 0.0863, 0.0965, 0.0868, 0.0023, 0.0008, 0.0009, 0.0357, 0.0879, 0.0847, 
times_hicoo:
0.0216, 0.0596, 0.0223, 0.0237, 0.0776, 0.0860, 0.1063, 0.1089, 0.1104, 0.0044, 0.0026, 0.0029, 0.0436, 0.0889, 0.1075, 

gbytes_coo:
19.7510, 19.6935, 20.0795, 19.9769, 19.2357, 19.2586, 19.4572, 17.4205, 19.8495, 27.3899, 47.7519, 43.3623, 18.2354, 15.4198, 19.8496, 
gbytes_hicoo:
14.4533, 15.4903, 14.5290, 14.4111, 15.4017, 15.7512, 15.7897, 15.4394, 15.6083, 14.5417, 14.3686, 13.8560, 14.9172, 15.2378, 15.6459, 

oi_coo:
0.0833, 0.0833, 0.0833, 0.0833, 0.0833, 0.0833, 0.0833, 0.0833, 0.0833, 0.0833, 0.0833, 0.0833, 0.0833, 0.0833, 0.0833, 
oi_hicoo:
0.0833, 0.0833, 0.0833, 0.0833, 0.0833, 0.0833, 0.0833, 0.0833, 0.0833, 0.0833, 0.0833, 0.0833, 0.0833, 0.0833, 0.0833, 

gflops_coo:
1.65, 1.64, 1.67, 1.66, 1.60, 1.60, 1.62, 1.45, 1.65, 2.28, 3.98, 3.61, 1.52, 1.28, 1.65, 
gflops_hicoo:
1.20, 1.29, 1.21, 1.20, 1.28, 1.31, 1.32, 1.29, 1.30, 1.21, 1.20, 1.15, 1.24, 1.27, 1.30, 

predicted_gflops_mem_coo:
15.6667, 15.6667, 15.6667, 15.6667, 15.6667, 15.6667, 15.6667, 15.6667, 15.6667, 15.6667, 15.6667, 15.6667, 15.6667, 15.6667, 15.6667, 
predicted_gflops_mem_hicoo:
15.6667, 15.6667, 15.6667, 15.6667, 15.6667, 15.6667, 15.6667, 15.6667, 15.6667, 15.6667, 15.6667, 15.6667, 15.6667, 15.6667, 15.6667, 

predicted_gflops_cache_coo:
128.3333, 128.3333, 128.3333, 128.3333, 128.3333, 128.3333, 128.3333, 128.3333, 128.3333, 128.3333, 128.3333, 128.3333, 128.3333, 128.3333, 128.3333, 
predicted_gflops_cache_hicoo:
128.3333, 128.3333, 128.3333, 128.3333, 128.3333, 128.3333, 128.3333, 128.3333, 128.3333, 128.3333, 128.3333, 128.3333, 128.3333, 128.3333, 128.3333, 


get_ttv_data
num_flops:
[52043708, 153758838, 53907464, 56842616, 199093102, 225780620, 279841542, 280252362, 287199104, 10661346, 6203218, 6618980, 108404198, 225780620, 280252440]
num_bytes_coo:
[452572152.0, 1095062801.3333333, 455359877.3333333, 513572941.3333334, 1567612788.0, 1802788727.1111112, 2304407898.095238, 2333432316.0, 2450706184.888889, 701654517.2903225, 605386239.6571429, 550753954.2564102, 1147532235.0697675, 1904022715.06383, 2313137985.254902]
num_bytes_hicoo:
[452572152.0, 1095062801.3333333, 455359877.3333333, 513572941.3333334, 1567612788.0, 1802788727.1111112, 2304407898.095238, 2333432316.0, 2450706184.888889, 701654517.2903225, 605386239.6571429, 550753954.2564102, 1147532235.0697675, 1904022715.06383, 2313137985.254902]

times_coo:
0.0906, 0.2410, 0.0879, 0.1807, 1.4202, 0.6453, 2.0128, 1.2406, 1.8643, 0.0194, 0.0076, 0.0088, 0.2259, 0.7232, 1.2206, 
times_hicoo:
0.0801, 0.2346, 0.0757, 0.1749, 1.3257, 0.6691, 1.8890, 1.4324, 1.8511, 0.0195, 0.0088, 0.0095, 0.2073, 0.7126, 1.3128, 

gbytes_coo:
4.9933, 4.5435, 5.1794, 2.8421, 1.1038, 2.7939, 1.1449, 1.8809, 1.3146, 36.1555, 79.5970, 62.5916, 5.0802, 2.6329, 1.8951, 
gbytes_hicoo:
5.6484, 4.6673, 6.0184, 2.9369, 1.1825, 2.6945, 1.2199, 1.6290, 1.3239, 35.9019, 68.5572, 57.8458, 5.5355, 2.6718, 1.7620, 

oi_coo:
0.1150, 0.1404, 0.1184, 0.1107, 0.1270, 0.1252, 0.1214, 0.1201, 0.1172, 0.0152, 0.0102, 0.0120, 0.0945, 0.1186, 0.1212, 
oi_hicoo:
0.1150, 0.1404, 0.1184, 0.1107, 0.1270, 0.1252, 0.1214, 0.1201, 0.1172, 0.0152, 0.0102, 0.0120, 0.0945, 0.1186, 0.1212, 

gflops_coo:
0.57, 0.64, 0.61, 0.31, 0.14, 0.35, 0.14, 0.23, 0.15, 0.55, 0.82, 0.75, 0.48, 0.31, 0.23, 
gflops_hicoo:
0.65, 0.66, 0.71, 0.33, 0.15, 0.34, 0.15, 0.20, 0.16, 0.55, 0.70, 0.70, 0.52, 0.32, 0.21, 

predicted_gflops_mem_coo:
21.6191, 26.3973, 22.2562, 20.8080, 23.8768, 23.5451, 22.8303, 22.5794, 22.0318, 2.8566, 1.9264, 2.2594, 17.7598, 22.2932, 22.7775, 
predicted_gflops_mem_hicoo:
21.6191, 26.3973, 22.2562, 20.8080, 23.8768, 23.5451, 22.8303, 22.5794, 22.0318, 2.8566, 1.9264, 2.2594, 17.7598, 22.2932, 22.7775, 

predicted_gflops_cache_coo:
177.0929, 216.2329, 182.3118, 170.4483, 195.5862, 192.8691, 187.0138, 184.9587, 180.4731, 23.3997, 15.7799, 18.5078, 145.4795, 182.6145, 186.5815, 
predicted_gflops_cache_hicoo:
177.0929, 216.2329, 182.3118, 170.4483, 195.5862, 192.8691, 187.0138, 184.9587, 180.4731, 23.3997, 15.7799, 18.5078, 145.4795, 182.6145, 186.5815, 


get_ttm_data
num_flops:
[832699328, 2460141408, 862519424, 909481856, 3185489632, 3612489920, 4477464672, 4484037792, 4595185664, 170581536, 99251488, 105903680, 1734467168, 3612489920, 4484039040]
num_bytes_coo:
[2504968056.0, 6311612148.0, 2534286624.0, 2822661780.0, 8846095464.0, 10144574852.0, 12888409419.428572, 13022716680.0, 13612969768.0, 3253397441.8064513, 2780067040.457143, 2537963614.1538463, 6139532839.813953, 10600127797.787235, 12931392893.647058]
num_bytes_hicoo:
[2504968056.0, 6311612148.0, 2534286624.0, 2822661780.0, 8846095464.0, 10144574852.0, 12888409419.428572, 13022716680.0, 13612969768.0, 3253397441.8064513, 2780067040.457143, 2537963614.1538463, 6139532839.813953, 10600127797.787235, 12931392893.647058]

times_coo:
0.6063, 1.8408, 0.6142, 1.0741, 6.4514, 3.3135, 9.6445, 6.1735, 8.6859, 0.1049, 0.0619, 0.0561, 1.1206, 3.2274, 5.6522, 
times_hicoo:
0.5543, 1.9862, 0.6047, 1.0730, 6.3961, 3.6058, 9.5721, 7.1909, 8.9433, 0.1071, 0.0658, 0.0565, 1.0838, 3.8759, 5.9817, 

gbytes_coo:
4.1313, 3.4288, 4.1262, 2.6280, 1.3712, 3.0616, 1.3363, 2.1095, 1.5672, 31.0236, 44.8922, 45.2146, 5.4788, 3.2844, 2.2878, 
gbytes_hicoo:
4.5188, 3.1777, 4.1913, 2.6307, 1.3830, 2.8134, 1.3465, 1.8110, 1.5221, 30.3742, 42.2409, 44.9002, 5.6646, 2.7349, 2.1618, 

oi_coo:
0.3324, 0.3898, 0.3403, 0.3222, 0.3601, 0.3561, 0.3474, 0.3443, 0.3376, 0.0524, 0.0357, 0.0417, 0.2825, 0.3408, 0.3468, 
oi_hicoo:
0.3324, 0.3898, 0.3403, 0.3222, 0.3601, 0.3561, 0.3474, 0.3443, 0.3376, 0.0524, 0.0357, 0.0417, 0.2825, 0.3408, 0.3468, 

gflops_coo:
1.37, 1.34, 1.40, 0.85, 0.49, 1.09, 0.46, 0.73, 0.53, 1.63, 1.60, 1.89, 1.55, 1.12, 0.79, 
gflops_hicoo:
1.50, 1.24, 1.43, 0.85, 0.50, 1.00, 0.47, 0.62, 0.51, 1.59, 1.51, 1.87, 1.60, 0.93, 0.75, 

predicted_gflops_mem_coo:
62.4948, 73.2787, 63.9839, 60.5749, 67.6990, 66.9469, 65.3117, 64.7330, 63.4612, 9.8572, 6.7118, 7.8448, 53.1115, 64.0698, 65.1901, 
predicted_gflops_mem_hicoo:
62.4948, 73.2787, 63.9839, 60.5749, 67.6990, 66.9469, 65.3117, 64.7330, 63.4612, 9.8572, 6.7118, 7.8448, 53.1115, 64.0698, 65.1901, 

predicted_gflops_cache_coo:
511.9255, 600.2615, 524.1238, 496.1990, 554.5559, 548.3950, 534.9997, 530.2594, 519.8414, 80.7450, 54.9797, 64.2608, 435.0623, 524.8271, 534.0044, 
predicted_gflops_cache_hicoo:
511.9255, 600.2615, 524.1238, 496.1990, 554.5559, 548.3950, 534.9997, 530.2594, 519.8414, 80.7450, 54.9797, 64.2608, 435.0623, 524.8271, 534.0044, 


get_mttkrp_data
num_flops:
[1249048992, 3690212112, 1293779136, 1364222784, 4778234448, 5418734880, 6716197008, 6726056688, 6892778496, 341163072, 198502976, 211807360, 3468934336, 7224979840, 8968078080]
num_bytes_coo:
[7077944288, 20911201968, 7331415104, 7730595776, 27076661872, 30706164320, 38058449712, 38114321232, 39059078144, 1812428820, 1054547060, 1125226600, 18428713660, 38382705400, 47642914800]
num_bytes_hicoo:
[6839315258, 19952036169, 7008391324, 6641135944, 22740578357, 22290797774, 35157317769, 39208459227, 40578870916, 1746965016, 1009126888, 1079851832, 17825583104, 27735626752, 39543811808]

times_coo:
0.6585, 2.7298, 0.6263, 2.3074, 9.2170, 5.8843, 13.8006, 10.3239, 18.8294, 0.3254, 0.2300, 0.2273, 3.6293, 11.0568, 16.6352, 
times_hicoo:
0.5218, 1.5878, 0.5560, 1.0839, 8.5711, 5.3005, 12.8503, 12.6397, 16.3540, 0.3352, 0.1968, 0.2088, 3.4971, 10.9341, 15.7746, 

gbytes_coo:
10.7483, 7.6604, 11.7056, 3.3504, 2.9377, 5.2183, 2.7577, 3.6918, 2.0744, 5.5694, 4.5855, 4.9495, 5.0778, 3.4714, 2.8640, 
gbytes_hicoo:
13.1064, 12.5657, 12.6048, 6.1273, 2.6532, 4.2054, 2.7359, 3.1020, 2.4813, 5.2117, 5.1274, 5.1717, 5.0972, 2.5366, 2.5068, 

oi_coo:
0.1765, 0.1765, 0.1765, 0.1765, 0.1765, 0.1765, 0.1765, 0.1765, 0.1765, 0.1882, 0.1882, 0.1882, 0.1882, 0.1882, 0.1882, 
oi_hicoo:
0.1826, 0.1850, 0.1846, 0.2054, 0.2101, 0.2431, 0.1910, 0.1715, 0.1699, 0.1953, 0.1967, 0.1961, 0.1946, 0.2605, 0.2268, 

gflops_coo:
1.90, 1.35, 2.07, 0.59, 0.52, 0.92, 0.49, 0.65, 0.37, 1.05, 0.86, 0.93, 0.96, 0.65, 0.54, 
gflops_hicoo:
2.39, 2.32, 2.33, 1.26, 0.56, 1.02, 0.52, 0.53, 0.42, 1.02, 1.01, 1.01, 0.99, 0.66, 0.57, 

predicted_gflops_mem_coo:
33.1765, 33.1765, 33.1765, 33.1765, 33.1765, 33.1765, 33.1765, 33.1765, 33.1765, 35.3882, 35.3882, 35.3882, 35.3882, 35.3882, 35.3882, 
predicted_gflops_mem_hicoo:
34.3340, 34.7714, 34.7056, 38.6190, 39.5024, 45.7015, 35.9141, 32.2507, 31.9339, 36.7143, 36.9810, 36.8752, 36.5856, 48.9730, 42.6362, 

predicted_gflops_cache_coo:
271.7647, 271.7647, 271.7647, 271.7647, 271.7647, 271.7647, 271.7647, 271.7647, 271.7647, 289.8824, 289.8824, 289.8824, 289.8824, 289.8824, 289.8824, 
predicted_gflops_cache_hicoo:
281.2468, 284.8294, 284.2906, 316.3469, 323.5837, 374.3631, 294.1903, 264.1809, 261.5864, 300.7451, 302.9298, 302.0630, 299.6906, 401.1616, 349.2541, 


