intput_path: ../new-timing-results/new-timing-results-dgx2/
plot_tensors: real
ang_pattern: 0
machine_name: dgx2
theo_gflops: 1408.00, theo_mem_bw: 79.00, theo_cache_bw: 851.00
tensors:
['vast-2015-mc1', 'nell2', 'choa700k', '1998DARPA', 'freebase_music', 'flickr', 'freebase_sampled', 'delicious', 'nell1', 'chicago-crime-comm-4d', 'nips-4d', 'uber-4d', 'enron-4d', 'flickr-4d', 'delicious-4d']

nnzs:
[26021854, 76879419, 26953732, 28421308, 99546551, 112890310, 139920771, 140126181, 143599552, 5330673, 3101609, 3309490, 54202099, 112890310, 140126220]
nfibs:
[8769369.0, 10781860.833333334, 8244693.333333333, 10782327.833333334, 23315886.0, 28006562.944444444, 39084915.38095238, 40744884.0, 45469472.55555555, 39855402.58064516, 35510433.22857143, 31940004.64102564, 31069190.441860463, 34333687.19148936, 39476459.078431375]
nbs:
[69890, 1545199, 618400, 6170677, 41435625, 40414597, 64244121, 138505710, 143382877, 7718, 50364, 25503, 2007383, 40410398, 111694192]
nnzbs:
[372, 49, 43, 4, 2, 2, 2, 1, 1, 690, 61, 129, 27, 2, 1]

get_tew_data
num_flops:
[26021854, 76879419, 26953732, 28421308, 99546551, 112890310, 139920771, 140126181, 143599552, 5330673, 3101609, 3309490, 54202099, 112890310, 140126220]
num_bytes_coo:
[312262248, 922553028, 323444784, 341055696, 1194558612, 1354683720, 1679049252, 1681514172, 1723194624, 63968076, 37219308, 39713880, 650425188, 1354683720, 1681514640]
num_bytes_hicoo:
[312262248, 922553028, 323444784, 341055696, 1194558612, 1354683720, 1679049252, 1681514172, 1723194624, 63968076, 37219308, 39713880, 650425188, 1354683720, 1681514640]

times_coo:
0.0343, 0.1083, 0.0353, 0.0393, 0.1476, 0.1593, 0.1699, 0.1689, 0.1660, 0.0060, 0.0038, 0.0043, 0.0803, 0.1346, 0.1777, 
times_hicoo:
0.0311, 0.0936, 0.0339, 0.0334, 0.1219, 0.1465, 0.1691, 0.1661, 0.2031, 0.0057, 0.0028, 0.0032, 0.0656, 0.1365, 0.1974, 

gbytes_coo:
9.1148, 8.5220, 9.1546, 8.6822, 8.0955, 8.5038, 9.8801, 9.9569, 10.3822, 10.7365, 9.7771, 9.2444, 8.0990, 10.0632, 9.4607, 
gbytes_hicoo:
10.0555, 9.8590, 9.5277, 10.2196, 9.7991, 9.2475, 9.9304, 10.1262, 8.4840, 11.2253, 13.1439, 12.2221, 9.9125, 9.9276, 8.5188, 

oi_coo:
0.0833, 0.0833, 0.0833, 0.0833, 0.0833, 0.0833, 0.0833, 0.0833, 0.0833, 0.0833, 0.0833, 0.0833, 0.0833, 0.0833, 0.0833, 
oi_hicoo:
0.0833, 0.0833, 0.0833, 0.0833, 0.0833, 0.0833, 0.0833, 0.0833, 0.0833, 0.0833, 0.0833, 0.0833, 0.0833, 0.0833, 0.0833, 

gflops_coo:
0.76, 0.71, 0.76, 0.72, 0.67, 0.71, 0.82, 0.83, 0.87, 0.89, 0.81, 0.77, 0.67, 0.84, 0.79, 
gflops_hicoo:
0.84, 0.82, 0.79, 0.85, 0.82, 0.77, 0.83, 0.84, 0.71, 0.94, 1.10, 1.02, 0.83, 0.83, 0.71, 

predicted_gflops_mem_coo:
6.5833, 6.5833, 6.5833, 6.5833, 6.5833, 6.5833, 6.5833, 6.5833, 6.5833, 6.5833, 6.5833, 6.5833, 6.5833, 6.5833, 6.5833, 
predicted_gflops_mem_hicoo:
6.5833, 6.5833, 6.5833, 6.5833, 6.5833, 6.5833, 6.5833, 6.5833, 6.5833, 6.5833, 6.5833, 6.5833, 6.5833, 6.5833, 6.5833, 

predicted_gflops_cache_coo:
70.9167, 70.9167, 70.9167, 70.9167, 70.9167, 70.9167, 70.9167, 70.9167, 70.9167, 70.9167, 70.9167, 70.9167, 70.9167, 70.9167, 70.9167, 
predicted_gflops_cache_hicoo:
70.9167, 70.9167, 70.9167, 70.9167, 70.9167, 70.9167, 70.9167, 70.9167, 70.9167, 70.9167, 70.9167, 70.9167, 70.9167, 70.9167, 70.9167, 


get_ts_data
num_flops:
[26021854, 76879419, 26953732, 28421308, 99546551, 112890310, 139920771, 140126181, 143599552, 5330673, 3101609, 3309490, 54202099, 112890310, 140126220]
num_bytes_coo:
[312262248, 922553028, 323444784, 341055696, 1194558612, 1354683720, 1679049252, 1681514172, 1723194624, 63968076, 37219308, 39713880, 650425188, 1354683720, 1681514640]
num_bytes_hicoo:
[312262248, 922553028, 323444784, 341055696, 1194558612, 1354683720, 1679049252, 1681514172, 1723194624, 63968076, 37219308, 39713880, 650425188, 1354683720, 1681514640]

times_coo:
0.0134, 0.0444, 0.0146, 0.0149, 0.0533, 0.0636, 0.0889, 0.0845, 0.0892, 0.0029, 0.0016, 0.0017, 0.0303, 0.0576, 0.0856, 
times_hicoo:
0.0135, 0.0401, 0.0138, 0.0147, 0.0522, 0.0595, 0.0714, 0.0757, 0.0753, 0.0029, 0.0014, 0.0018, 0.0292, 0.0596, 0.0755, 

gbytes_coo:
23.2235, 20.7769, 22.2084, 22.8398, 22.4235, 21.2976, 18.8819, 19.9086, 19.3142, 22.2700, 24.0078, 22.8920, 21.4901, 23.5148, 19.6400, 
gbytes_hicoo:
23.1688, 23.0225, 23.4880, 23.2796, 22.8873, 22.7572, 23.5016, 22.2168, 22.8842, 22.1883, 25.8705, 21.5139, 22.2582, 22.7427, 22.2756, 

oi_coo:
0.0833, 0.0833, 0.0833, 0.0833, 0.0833, 0.0833, 0.0833, 0.0833, 0.0833, 0.0833, 0.0833, 0.0833, 0.0833, 0.0833, 0.0833, 
oi_hicoo:
0.0833, 0.0833, 0.0833, 0.0833, 0.0833, 0.0833, 0.0833, 0.0833, 0.0833, 0.0833, 0.0833, 0.0833, 0.0833, 0.0833, 0.0833, 

gflops_coo:
1.94, 1.73, 1.85, 1.90, 1.87, 1.77, 1.57, 1.66, 1.61, 1.86, 2.00, 1.91, 1.79, 1.96, 1.64, 
gflops_hicoo:
1.93, 1.92, 1.96, 1.94, 1.91, 1.90, 1.96, 1.85, 1.91, 1.85, 2.16, 1.79, 1.85, 1.90, 1.86, 

predicted_gflops_mem_coo:
6.5833, 6.5833, 6.5833, 6.5833, 6.5833, 6.5833, 6.5833, 6.5833, 6.5833, 6.5833, 6.5833, 6.5833, 6.5833, 6.5833, 6.5833, 
predicted_gflops_mem_hicoo:
6.5833, 6.5833, 6.5833, 6.5833, 6.5833, 6.5833, 6.5833, 6.5833, 6.5833, 6.5833, 6.5833, 6.5833, 6.5833, 6.5833, 6.5833, 

predicted_gflops_cache_coo:
70.9167, 70.9167, 70.9167, 70.9167, 70.9167, 70.9167, 70.9167, 70.9167, 70.9167, 70.9167, 70.9167, 70.9167, 70.9167, 70.9167, 70.9167, 
predicted_gflops_cache_hicoo:
70.9167, 70.9167, 70.9167, 70.9167, 70.9167, 70.9167, 70.9167, 70.9167, 70.9167, 70.9167, 70.9167, 70.9167, 70.9167, 70.9167, 70.9167, 


get_ttv_data
num_flops:
[52043708, 153758838, 53907464, 56842616, 199093102, 225780620, 279841542, 280252362, 287199104, 10661346, 6203218, 6618980, 108404198, 225780620, 280252440]
num_bytes_coo:
[452572152.0, 1095062801.3333333, 455359877.3333333, 513572941.3333334, 1567612788.0, 1802788727.1111112, 2304407898.095238, 2333432316.0, 2450706184.888889, 701654517.2903225, 605386239.6571429, 550753954.2564102, 1147532235.0697675, 1904022715.06383, 2313137985.254902]
num_bytes_hicoo:
[452572152.0, 1095062801.3333333, 455359877.3333333, 513572941.3333334, 1567612788.0, 1802788727.1111112, 2304407898.095238, 2333432316.0, 2450706184.888889, 701654517.2903225, 605386239.6571429, 550753954.2564102, 1147532235.0697675, 1904022715.06383, 2313137985.254902]

times_coo:
0.0588, 0.1803, 0.0666, 0.1205, 0.9331, 0.4743, 1.3681, 0.9468, 1.2165, 0.0213, 0.0093, 0.0087, 0.1597, 0.4715, 0.9020, 
times_hicoo:
0.0559, 0.1766, 0.0635, 0.1297, 1.0786, 0.5360, 1.4995, 1.0854, 1.4252, 0.0154, 0.0074, 0.0073, 0.1515, 0.5313, 0.9569, 

gbytes_coo:
7.6934, 6.0727, 6.8370, 4.2619, 1.6800, 3.8009, 1.6844, 2.4645, 2.0145, 32.9482, 65.0694, 63.2526, 7.1835, 4.0379, 2.5646, 
gbytes_hicoo:
8.1012, 6.2020, 7.1657, 3.9594, 1.4534, 3.3633, 1.5368, 2.1498, 1.7196, 45.5801, 81.4103, 75.0883, 7.5765, 3.5835, 2.4173, 

oi_coo:
0.1150, 0.1404, 0.1184, 0.1107, 0.1270, 0.1252, 0.1214, 0.1201, 0.1172, 0.0152, 0.0102, 0.0120, 0.0945, 0.1186, 0.1212, 
oi_hicoo:
0.1150, 0.1404, 0.1184, 0.1107, 0.1270, 0.1252, 0.1214, 0.1201, 0.1172, 0.0152, 0.0102, 0.0120, 0.0945, 0.1186, 0.1212, 

gflops_coo:
0.88, 0.85, 0.81, 0.47, 0.21, 0.48, 0.20, 0.30, 0.24, 0.50, 0.67, 0.76, 0.68, 0.48, 0.31, 
gflops_hicoo:
0.93, 0.87, 0.85, 0.44, 0.18, 0.42, 0.19, 0.26, 0.20, 0.69, 0.83, 0.90, 0.72, 0.42, 0.29, 

predicted_gflops_mem_coo:
9.0846, 11.0925, 9.3524, 8.7438, 10.0333, 9.8939, 9.5936, 9.4881, 9.2580, 1.2004, 0.8095, 0.9494, 7.4629, 9.3679, 9.5714, 
predicted_gflops_mem_hicoo:
9.0846, 11.0925, 9.3524, 8.7438, 10.0333, 9.8939, 9.5936, 9.4881, 9.2580, 1.2004, 0.8095, 0.9494, 7.4629, 9.3679, 9.5714, 

predicted_gflops_cache_coo:
97.8611, 119.4897, 100.7450, 94.1893, 108.0804, 106.5789, 103.3433, 102.2077, 99.7290, 12.9306, 8.7200, 10.2273, 80.3916, 100.9123, 103.1045, 
predicted_gflops_cache_hicoo:
97.8611, 119.4897, 100.7450, 94.1893, 108.0804, 106.5789, 103.3433, 102.2077, 99.7290, 12.9306, 8.7200, 10.2273, 80.3916, 100.9123, 103.1045, 


get_ttm_data
num_flops:
[832699328, 2460141408, 862519424, 909481856, 3185489632, 3612489920, 4477464672, 4484037792, 4595185664, 170581536, 99251488, 105903680, 1734467168, 3612489920, 4484039040]
num_bytes_coo:
[2504968056.0, 6311612148.0, 2534286624.0, 2822661780.0, 8846095464.0, 10144574852.0, 12888409419.428572, 13022716680.0, 13612969768.0, 3253397441.8064513, 2780067040.457143, 2537963614.1538463, 6139532839.813953, 10600127797.787235, 12931392893.647058]
num_bytes_hicoo:
[2504968056.0, 6311612148.0, 2534286624.0, 2822661780.0, 8846095464.0, 10144574852.0, 12888409419.428572, 13022716680.0, 13612969768.0, 3253397441.8064513, 2780067040.457143, 2537963614.1538463, 6139532839.813953, 10600127797.787235, 12931392893.647058]

times_coo:
0.4345, 1.3800, 0.4641, 0.7819, 4.2084, 2.3479, 6.6658, 5.1479, 5.8766, 0.0938, 0.0494, 0.0464, 0.8235, 2.2942, 4.0295, 
times_hicoo:
0.4422, 1.5848, 0.4490, 0.7287, 4.4594, 2.9451, 6.6524, 4.9320, 6.3103, 0.0851, 0.0524, 0.0437, 0.8743, 2.6123, 4.4952, 

gbytes_coo:
5.7654, 4.5736, 5.4606, 3.6101, 2.1020, 4.3207, 1.9335, 2.5297, 2.3165, 34.6931, 56.2737, 54.6544, 7.4554, 4.6204, 3.2092, 
gbytes_hicoo:
5.6649, 3.9825, 5.6449, 3.8734, 1.9837, 3.4446, 1.9374, 2.6405, 2.1573, 38.2186, 53.0766, 58.0174, 7.0221, 4.0578, 2.8767, 

oi_coo:
0.3324, 0.3898, 0.3403, 0.3222, 0.3601, 0.3561, 0.3474, 0.3443, 0.3376, 0.0524, 0.0357, 0.0417, 0.2825, 0.3408, 0.3468, 
oi_hicoo:
0.3324, 0.3898, 0.3403, 0.3222, 0.3601, 0.3561, 0.3474, 0.3443, 0.3376, 0.0524, 0.0357, 0.0417, 0.2825, 0.3408, 0.3468, 

gflops_coo:
1.92, 1.78, 1.86, 1.16, 0.76, 1.54, 0.67, 0.87, 0.78, 1.82, 2.01, 2.28, 2.11, 1.57, 1.11, 
gflops_hicoo:
1.88, 1.55, 1.92, 1.25, 0.71, 1.23, 0.67, 0.91, 0.73, 2.00, 1.89, 2.42, 1.98, 1.38, 1.00, 

predicted_gflops_mem_coo:
26.2611, 30.7926, 26.8869, 25.4544, 28.4480, 28.1320, 27.4448, 27.2016, 26.6672, 4.1421, 2.8204, 3.2965, 22.3181, 26.9229, 27.3937, 
predicted_gflops_mem_hicoo:
26.2611, 30.7926, 26.8869, 25.4544, 28.4480, 28.1320, 27.4448, 27.2016, 26.6672, 4.1421, 2.8204, 3.2965, 22.3181, 26.9229, 27.3937, 

predicted_gflops_cache_coo:
282.8887, 331.7029, 289.6294, 274.1983, 306.4461, 303.0417, 295.6395, 293.0200, 287.2630, 44.6195, 30.3816, 35.5104, 240.4143, 290.0181, 295.0894, 
predicted_gflops_cache_hicoo:
282.8887, 331.7029, 289.6294, 274.1983, 306.4461, 303.0417, 295.6395, 293.0200, 287.2630, 44.6195, 30.3816, 35.5104, 240.4143, 290.0181, 295.0894, 


get_mttkrp_data
num_flops:
[1249048992, 3690212112, 1293779136, 1364222784, 4778234448, 5418734880, 6716197008, 6726056688, 6892778496, 341163072, 198502976, 211807360, 3468934336, 7224979840, 8968078080]
num_bytes_coo:
[7077944288, 20911201968, 7331415104, 7730595776, 27076661872, 30706164320, 38058449712, 38114321232, 39059078144, 1812428820, 1054547060, 1125226600, 18428713660, 38382705400, 47642914800]
num_bytes_hicoo:
[6839315258, 19952036169, 7008391324, 6641135944, 22740578357, 22290797774, 35157317769, 39208459227, 40578870916, 1746965016, 1009126888, 1079851832, 17825583104, 27735626752, 39543811808]

times_coo:
0.4846, 2.1572, 0.4693, 1.6258, 6.4770, 4.5249, 9.6726, 7.6225, 13.5437, 0.2500, 0.1769, 0.1725, 2.8148, 8.2116, 12.7084, 
times_hicoo:
0.3767, 1.1653, 0.4087, 0.8895, 6.2989, 4.1965, 9.4254, 9.1491, 11.8767, 0.2606, 0.1546, 0.1622, 2.7419, 8.5641, 12.7728, 

gbytes_coo:
14.6048, 9.6938, 15.6223, 4.7551, 4.1804, 6.7860, 3.9347, 5.0002, 2.8839, 7.2500, 5.9601, 6.5247, 6.5471, 4.6742, 3.7489, 
gbytes_hicoo:
18.1566, 17.1217, 17.1494, 7.4666, 3.6102, 5.3118, 3.7301, 4.2855, 3.4167, 6.7032, 6.5279, 6.6588, 6.5013, 3.2386, 3.0959, 

oi_coo:
0.1765, 0.1765, 0.1765, 0.1765, 0.1765, 0.1765, 0.1765, 0.1765, 0.1765, 0.1882, 0.1882, 0.1882, 0.1882, 0.1882, 0.1882, 
oi_hicoo:
0.1826, 0.1850, 0.1846, 0.2054, 0.2101, 0.2431, 0.1910, 0.1715, 0.1699, 0.1953, 0.1967, 0.1961, 0.1946, 0.2605, 0.2268, 

gflops_coo:
2.58, 1.71, 2.76, 0.84, 0.74, 1.20, 0.69, 0.88, 0.51, 1.36, 1.12, 1.23, 1.23, 0.88, 0.71, 
gflops_hicoo:
3.32, 3.17, 3.17, 1.53, 0.76, 1.29, 0.71, 0.74, 0.58, 1.31, 1.28, 1.31, 1.27, 0.84, 0.70, 

predicted_gflops_mem_coo:
13.9412, 13.9412, 13.9412, 13.9412, 13.9412, 13.9412, 13.9412, 13.9412, 13.9412, 14.8706, 14.8706, 14.8706, 14.8706, 14.8706, 14.8706, 
predicted_gflops_mem_hicoo:
14.4276, 14.6114, 14.5837, 16.2282, 16.5994, 19.2043, 15.0916, 13.5521, 13.4190, 15.4278, 15.5399, 15.4954, 15.3737, 20.5791, 17.9163, 

predicted_gflops_cache_coo:
150.1765, 150.1765, 150.1765, 150.1765, 150.1765, 150.1765, 150.1765, 150.1765, 150.1765, 160.1882, 160.1882, 160.1882, 160.1882, 160.1882, 160.1882, 
predicted_gflops_cache_hicoo:
155.4162, 157.3960, 157.0983, 174.8125, 178.8115, 206.8721, 162.5688, 145.9857, 144.5519, 166.1909, 167.3982, 166.9193, 165.6082, 221.6809, 192.9969, 


