intput_path: ../new-timing-results/new-timing-results-dgx2/
plot_tensors: real
ang_pattern: 0
machine_name: dgx2
tk: 40
theo_gflops: 1408.00, theo_mem_bw: 79.00, theo_cache_bw: 851.00
tensors:
['vast-2015-mc1', 'nell2', 'choa700k', '1998DARPA', 'freebase_music', 'flickr', 'freebase_sampled', 'delicious', 'nell1', 'chicago-crime-comm-4d', 'nips-4d', 'uber-4d', 'enron-4d', 'flickr-4d', 'delicious-4d']

nnzs:
[26021854, 76879419, 26953732, 28421308, 99546551, 112890310, 139920771, 140126181, 143599552, 5330673, 3101609, 3309490, 54202099, 112890310, 140126220]
nfibs:
[8769369.0, 10781860.833333334, 8244693.333333333, 10782327.833333334, 23315886.0, 28006562.944444444, 39084915.38095238, 40744884.0, 45469472.55555555, 39855402.58064516, 35510433.22857143, 31940004.64102564, 31069190.441860463, 34333687.19148936, 39476459.078431375]
nbs:
[69890, 1545199, 618400, 6170677, 41435625, 40414597, 64244121, 138505710, 143382877, 7718, 50364, 25503, 2007383, 40410398, 111694192]
nnzbs:
[372, 49, 43, 4, 2, 2, 2, 1, 1, 690, 61, 129, 27, 2, 1]

get_tew_data
num_flops:
[26021854, 76879419, 26953732, 28421308, 99546551, 112890310, 139920771, 140126181, 143599552, 5330673, 3101609, 3309490, 54202099, 112890310, 140126220]
num_bytes_coo:
[312262248, 922553028, 323444784, 341055696, 1194558612, 1354683720, 1679049252, 1681514172, 1723194624, 63968076, 37219308, 39713880, 650425188, 1354683720, 1681514640]
num_bytes_hicoo:
[312262248, 922553028, 323444784, 341055696, 1194558612, 1354683720, 1679049252, 1681514172, 1723194624, 63968076, 37219308, 39713880, 650425188, 1354683720, 1681514640]

times_coo:
0.0099, 0.0243, 0.0109, 0.0090, 0.0326, 0.0380, 0.0452, 0.0462, 0.0468, 0.0048, 0.0015, 0.0002, 0.0091, 0.0296, 0.0385, 
times_hicoo:
0.0075, 0.0138, 0.0071, 0.0054, 0.0177, 0.0225, 0.0380, 0.0415, 0.0435, 0.0037, 0.0038, 0.0001, 0.0090, 0.0242, 0.0419, 

gbytes_coo:
31.4501, 37.9668, 29.7715, 37.8831, 36.5983, 35.6843, 37.1835, 36.4112, 36.7977, 13.2764, 24.7268, 212.5237, 71.3665, 45.7501, 43.6749, 
gbytes_hicoo:
41.6623, 66.9463, 45.7492, 62.8040, 67.6412, 60.2321, 44.1296, 40.4721, 39.5995, 17.3323, 9.8855, 543.5745, 72.3440, 56.0670, 40.1576, 

oi_coo:
0.0833, 0.0833, 0.0833, 0.0833, 0.0833, 0.0833, 0.0833, 0.0833, 0.0833, 0.0833, 0.0833, 0.0833, 0.0833, 0.0833, 0.0833, 
oi_hicoo:
0.0833, 0.0833, 0.0833, 0.0833, 0.0833, 0.0833, 0.0833, 0.0833, 0.0833, 0.0833, 0.0833, 0.0833, 0.0833, 0.0833, 0.0833, 

gflops_coo:
2.62, 3.16, 2.48, 3.16, 3.05, 2.97, 3.10, 3.03, 3.07, 1.11, 2.06, 17.71, 5.95, 3.81, 3.64, 
gflops_hicoo:
3.47, 5.58, 3.81, 5.23, 5.64, 5.02, 3.68, 3.37, 3.30, 1.44, 0.82, 45.30, 6.03, 4.67, 3.35, 

predicted_gflops_mem_coo:
6.5833, 6.5833, 6.5833, 6.5833, 6.5833, 6.5833, 6.5833, 6.5833, 6.5833, 6.5833, 6.5833, 6.5833, 6.5833, 6.5833, 6.5833, 
predicted_gflops_mem_hicoo:
6.5833, 6.5833, 6.5833, 6.5833, 6.5833, 6.5833, 6.5833, 6.5833, 6.5833, 6.5833, 6.5833, 6.5833, 6.5833, 6.5833, 6.5833, 

predicted_gflops_cache_coo:
70.9167, 70.9167, 70.9167, 70.9167, 70.9167, 70.9167, 70.9167, 70.9167, 70.9167, 70.9167, 70.9167, 70.9167, 70.9167, 70.9167, 70.9167, 
predicted_gflops_cache_hicoo:
70.9167, 70.9167, 70.9167, 70.9167, 70.9167, 70.9167, 70.9167, 70.9167, 70.9167, 70.9167, 70.9167, 70.9167, 70.9167, 70.9167, 70.9167, 


get_ts_data
num_flops:
[26021854, 76879419, 26953732, 28421308, 99546551, 112890310, 139920771, 140126181, 143599552, 5330673, 3101609, 3309490, 54202099, 112890310, 140126220]
num_bytes_coo:
[312262248, 922553028, 323444784, 341055696, 1194558612, 1354683720, 1679049252, 1681514172, 1723194624, 63968076, 37219308, 39713880, 650425188, 1354683720, 1681514640]
num_bytes_hicoo:
[312262248, 922553028, 323444784, 341055696, 1194558612, 1354683720, 1679049252, 1681514172, 1723194624, 63968076, 37219308, 39713880, 650425188, 1354683720, 1681514640]

times_coo:
0.0051, 0.0142, 0.0041, 0.0032, 0.0187, 0.0218, 0.0272, 0.0266, 0.0274, 0.0035, 0.0040, 0.0024, 0.0054, 0.0122, 0.0220, 
times_hicoo:
0.0046, 0.0091, 0.0019, 0.0035, 0.0094, 0.0107, 0.0151, 0.0266, 0.0284, 0.0011, 0.0037, 0.0000, 0.0051, 0.0109, 0.0267, 

gbytes_coo:
61.7137, 64.7591, 78.5288, 105.1235, 63.9148, 62.0506, 61.7697, 63.2607, 62.8114, 18.5202, 9.2564, 16.5755, 120.1646, 110.9283, 76.3851, 
gbytes_hicoo:
67.1648, 100.9960, 166.2846, 96.8373, 127.2663, 126.7531, 111.5562, 63.3131, 60.6817, 60.3367, 10.1259, 1117.1211, 127.9952, 124.5599, 63.0924, 

oi_coo:
0.0833, 0.0833, 0.0833, 0.0833, 0.0833, 0.0833, 0.0833, 0.0833, 0.0833, 0.0833, 0.0833, 0.0833, 0.0833, 0.0833, 0.0833, 
oi_hicoo:
0.0833, 0.0833, 0.0833, 0.0833, 0.0833, 0.0833, 0.0833, 0.0833, 0.0833, 0.0833, 0.0833, 0.0833, 0.0833, 0.0833, 0.0833, 

gflops_coo:
5.14, 5.40, 6.54, 8.76, 5.33, 5.17, 5.15, 5.27, 5.23, 1.54, 0.77, 1.38, 10.01, 9.24, 6.37, 
gflops_hicoo:
5.60, 8.42, 13.86, 8.07, 10.61, 10.56, 9.30, 5.28, 5.06, 5.03, 0.84, 93.09, 10.67, 10.38, 5.26, 

predicted_gflops_mem_coo:
6.5833, 6.5833, 6.5833, 6.5833, 6.5833, 6.5833, 6.5833, 6.5833, 6.5833, 6.5833, 6.5833, 6.5833, 6.5833, 6.5833, 6.5833, 
predicted_gflops_mem_hicoo:
6.5833, 6.5833, 6.5833, 6.5833, 6.5833, 6.5833, 6.5833, 6.5833, 6.5833, 6.5833, 6.5833, 6.5833, 6.5833, 6.5833, 6.5833, 

predicted_gflops_cache_coo:
70.9167, 70.9167, 70.9167, 70.9167, 70.9167, 70.9167, 70.9167, 70.9167, 70.9167, 70.9167, 70.9167, 70.9167, 70.9167, 70.9167, 70.9167, 
predicted_gflops_cache_hicoo:
70.9167, 70.9167, 70.9167, 70.9167, 70.9167, 70.9167, 70.9167, 70.9167, 70.9167, 70.9167, 70.9167, 70.9167, 70.9167, 70.9167, 70.9167, 


get_ttv_data
num_flops:
[52043708, 153758838, 53907464, 56842616, 199093102, 225780620, 279841542, 280252362, 287199104, 10661346, 6203218, 6618980, 108404198, 225780620, 280252440]
num_bytes_coo:
[452572152.0, 1095062801.3333333, 455359877.3333333, 513572941.3333334, 1567612788.0, 1802788727.1111112, 2304407898.095238, 2333432316.0, 2450706184.888889, 701654517.2903225, 605386239.6571429, 550753954.2564102, 1147532235.0697675, 1904022715.06383, 2313137985.254902]
num_bytes_hicoo:
[452572152.0, 1095062801.3333333, 455359877.3333333, 513572941.3333334, 1567612788.0, 1802788727.1111112, 2304407898.095238, 2333432316.0, 2450706184.888889, 701654517.2903225, 605386239.6571429, 550753954.2564102, 1147532235.0697675, 1904022715.06383, 2313137985.254902]

times_coo:
0.0157, 0.0268, 0.0206, 0.0329, 0.1614, 0.0770, 0.2440, 0.1136, 0.1580, 0.0071, 0.0064, 0.0059, 0.0386, 0.0946, 0.1397, 
times_hicoo:
0.0152, 0.0223, 0.0201, 0.0276, 0.1530, 0.0765, 0.2498, 0.1041, 0.1397, 0.0009, 0.0035, 0.0029, 0.0331, 0.0900, 0.1421, 

gbytes_coo:
28.7991, 40.8541, 22.1177, 15.6259, 9.7135, 23.4273, 9.4459, 20.5356, 15.5113, 99.0072, 94.4532, 93.6766, 29.7453, 20.1268, 16.5531, 
gbytes_hicoo:
29.7381, 49.0992, 22.6393, 18.6385, 10.2484, 23.5665, 9.2259, 22.4205, 17.5442, 766.4153, 173.1383, 190.7596, 34.6277, 21.1602, 16.2818, 

oi_coo:
0.1150, 0.1404, 0.1184, 0.1107, 0.1270, 0.1252, 0.1214, 0.1201, 0.1172, 0.0152, 0.0102, 0.0120, 0.0945, 0.1186, 0.1212, 
oi_hicoo:
0.1150, 0.1404, 0.1184, 0.1107, 0.1270, 0.1252, 0.1214, 0.1201, 0.1172, 0.0152, 0.0102, 0.0120, 0.0945, 0.1186, 0.1212, 

gflops_coo:
3.31, 5.74, 2.62, 1.73, 1.23, 2.93, 1.15, 2.47, 1.82, 1.50, 0.97, 1.13, 2.81, 2.39, 2.01, 
gflops_hicoo:
3.42, 6.89, 2.68, 2.06, 1.30, 2.95, 1.12, 2.69, 2.06, 11.65, 1.77, 2.29, 3.27, 2.51, 1.97, 

predicted_gflops_mem_coo:
9.0846, 11.0925, 9.3524, 8.7438, 10.0333, 9.8939, 9.5936, 9.4881, 9.2580, 1.2004, 0.8095, 0.9494, 7.4629, 9.3679, 9.5714, 
predicted_gflops_mem_hicoo:
9.0846, 11.0925, 9.3524, 8.7438, 10.0333, 9.8939, 9.5936, 9.4881, 9.2580, 1.2004, 0.8095, 0.9494, 7.4629, 9.3679, 9.5714, 

predicted_gflops_cache_coo:
97.8611, 119.4897, 100.7450, 94.1893, 108.0804, 106.5789, 103.3433, 102.2077, 99.7290, 12.9306, 8.7200, 10.2273, 80.3916, 100.9123, 103.1045, 
predicted_gflops_cache_hicoo:
97.8611, 119.4897, 100.7450, 94.1893, 108.0804, 106.5789, 103.3433, 102.2077, 99.7290, 12.9306, 8.7200, 10.2273, 80.3916, 100.9123, 103.1045, 


get_ttm_data
num_flops:
[832699328, 2460141408, 862519424, 909481856, 3185489632, 3612489920, 4477464672, 4484037792, 4595185664, 170581536, 99251488, 105903680, 1734467168, 3612489920, 4484039040]
num_bytes_coo:
[2504968056.0, 6311612148.0, 2534286624.0, 2822661780.0, 8846095464.0, 10144574852.0, 12888409419.428572, 13022716680.0, 13612969768.0, 3253397441.8064513, 2780067040.457143, 2537963614.1538463, 6139532839.813953, 10600127797.787235, 12931392893.647058]
num_bytes_hicoo:
[2504968056.0, 6311612148.0, 2534286624.0, 2822661780.0, 8846095464.0, 10144574852.0, 12888409419.428572, 13022716680.0, 13612969768.0, 3253397441.8064513, 2780067040.457143, 2537963614.1538463, 6139532839.813953, 10600127797.787235, 12931392893.647058]

times_coo:
0.0440, 0.1003, 0.0762, 0.1186, 0.7374, 0.2379, 1.1230, 0.2699, 0.4488, 0.0073, 0.0079, 0.0045, 0.1033, 0.2418, 0.3532, 
times_hicoo:
0.0364, 0.1203, 0.0916, 0.0939, 0.6270, 0.2309, 1.0598, 0.2604, 0.4230, 0.0112, 0.0086, 0.0084, 0.0850, 0.2706, 0.3600, 

gbytes_coo:
56.9834, 62.9335, 33.2508, 23.7946, 11.9971, 42.6381, 11.4768, 48.2416, 30.3303, 445.3819, 353.7624, 559.5108, 59.4603, 43.8342, 36.6112, 
gbytes_hicoo:
68.7402, 52.4509, 27.6570, 30.0729, 14.1092, 43.9303, 12.1608, 50.0146, 32.1830, 290.4931, 324.3115, 303.8090, 72.2628, 39.1696, 35.9185, 

oi_coo:
0.3324, 0.3898, 0.3403, 0.3222, 0.3601, 0.3561, 0.3474, 0.3443, 0.3376, 0.0524, 0.0357, 0.0417, 0.2825, 0.3408, 0.3468, 
oi_hicoo:
0.3324, 0.3898, 0.3403, 0.3222, 0.3601, 0.3561, 0.3474, 0.3443, 0.3376, 0.0524, 0.0357, 0.0417, 0.2825, 0.3408, 0.3468, 

gflops_coo:
18.94, 24.53, 11.32, 7.67, 4.32, 15.18, 3.99, 16.61, 10.24, 23.35, 12.63, 23.35, 16.80, 14.94, 12.70, 
gflops_hicoo:
22.85, 20.44, 9.41, 9.69, 5.08, 15.64, 4.22, 17.22, 10.86, 15.23, 11.58, 12.68, 20.41, 13.35, 12.45, 

predicted_gflops_mem_coo:
26.2611, 30.7926, 26.8869, 25.4544, 28.4480, 28.1320, 27.4448, 27.2016, 26.6672, 4.1421, 2.8204, 3.2965, 22.3181, 26.9229, 27.3937, 
predicted_gflops_mem_hicoo:
26.2611, 30.7926, 26.8869, 25.4544, 28.4480, 28.1320, 27.4448, 27.2016, 26.6672, 4.1421, 2.8204, 3.2965, 22.3181, 26.9229, 27.3937, 

predicted_gflops_cache_coo:
282.8887, 331.7029, 289.6294, 274.1983, 306.4461, 303.0417, 295.6395, 293.0200, 287.2630, 44.6195, 30.3816, 35.5104, 240.4143, 290.0181, 295.0894, 
predicted_gflops_cache_hicoo:
282.8887, 331.7029, 289.6294, 274.1983, 306.4461, 303.0417, 295.6395, 293.0200, 287.2630, 44.6195, 30.3816, 35.5104, 240.4143, 290.0181, 295.0894, 


get_mttkrp_data
num_flops:
[1249048992, 3690212112, 1293779136, 1364222784, 4778234448, 5418734880, 6716197008, 6726056688, 6892778496, 341163072, 198502976, 211807360, 3468934336, 7224979840, 8968078080]
num_bytes_coo:
[7077944288, 20911201968, 7331415104, 7730595776, 27076661872, 30706164320, 38058449712, 38114321232, 39059078144, 1812428820, 1054547060, 1125226600, 18428713660, 38382705400, 47642914800]
num_bytes_hicoo:
[6839315258, 19952036169, 7008391324, 6641135944, 22740578357, 22290797774, 35157317769, 39208459227, 40578870916, 1746965016, 1009126888, 1079851832, 17825583104, 27735626752, 39543811808]

times_coo:
6.4593, 0.7452, 0.7684, 2.4236, 4.5363, 1.0299, 4.5212, 0.9161, 0.9361, 0.4828, 0.1291, 0.1662, 1.6042, 2.3639, 3.0085, 
times_hicoo:
6.2538, 0.8110, 0.8435, 2.7645, 4.7705, 1.0826, 4.7261, 1.0891, 1.0994, 0.3802, 0.1047, 0.2067, 3.0129, 1.6688, 3.3686, 

gbytes_coo:
1.0958, 28.0609, 9.5406, 3.1898, 5.9689, 29.8143, 8.4177, 41.6061, 41.7269, 3.7539, 8.1710, 6.7714, 11.4877, 16.2372, 15.8360, 
gbytes_hicoo:
1.0936, 24.6018, 8.3092, 2.4023, 4.7669, 20.5906, 7.4389, 36.0023, 36.9099, 4.5954, 9.6361, 5.2246, 5.9164, 16.6204, 11.7390, 

oi_coo:
0.1765, 0.1765, 0.1765, 0.1765, 0.1765, 0.1765, 0.1765, 0.1765, 0.1765, 0.1882, 0.1882, 0.1882, 0.1882, 0.1882, 0.1882, 
oi_hicoo:
0.1826, 0.1850, 0.1846, 0.2054, 0.2101, 0.2431, 0.1910, 0.1715, 0.1699, 0.1953, 0.1967, 0.1961, 0.1946, 0.2605, 0.2268, 

gflops_coo:
0.19, 4.95, 1.68, 0.56, 1.05, 5.26, 1.49, 7.34, 7.36, 0.71, 1.54, 1.27, 2.16, 3.06, 2.98, 
gflops_hicoo:
0.20, 4.55, 1.53, 0.49, 1.00, 5.01, 1.42, 6.18, 6.27, 0.90, 1.90, 1.02, 1.15, 4.33, 2.66, 

predicted_gflops_mem_coo:
13.9412, 13.9412, 13.9412, 13.9412, 13.9412, 13.9412, 13.9412, 13.9412, 13.9412, 14.8706, 14.8706, 14.8706, 14.8706, 14.8706, 14.8706, 
predicted_gflops_mem_hicoo:
14.4276, 14.6114, 14.5837, 16.2282, 16.5994, 19.2043, 15.0916, 13.5521, 13.4190, 15.4278, 15.5399, 15.4954, 15.3737, 20.5791, 17.9163, 

predicted_gflops_cache_coo:
150.1765, 150.1765, 150.1765, 150.1765, 150.1765, 150.1765, 150.1765, 150.1765, 150.1765, 160.1882, 160.1882, 160.1882, 160.1882, 160.1882, 160.1882, 
predicted_gflops_cache_hicoo:
155.4162, 157.3960, 157.0983, 174.8125, 178.8115, 206.8721, 162.5688, 145.9857, 144.5519, 166.1909, 167.3982, 166.9193, 165.6082, 221.6809, 192.9969, 


