intput_path: ../new-timing-results/new-timing-results-wingtip-gpu1/
plot_tensors: real
ang_pattern: 0
machine_name: dgx1
theo_gflops: 10600.00, theo_mem_bw: 517.00, theo_cache_bw: 1920.00
tensors:
['vast-2015-mc1', 'nell2', 'choa700k', '1998DARPA', 'freebase_music', 'flickr', 'freebase_sampled', 'delicious', 'nell1', 'chicago-crime-comm-4d', 'nips-4d', 'uber-4d', 'enron-4d', 'flickr-4d', 'delicious-4d']

nnzs:
[26021854, 76879419, 26953732, 28421308, 99546551, 112890310, 139920771, 140126181, 143599552, 5330673, 3101609, 3309490, 54202099, 112890310, 140126220]
nfibs:
[8769369.0, 10781860.833333334, 8244693.333333333, 10782327.833333334, 23315886.0, 28006562.944444444, 39084915.38095238, 40744884.0, 45469472.55555555, 39855402.58064516, 35510433.22857143, 31940004.64102564, 31069190.441860463, 34333687.19148936, 39476459.078431375]
nbs:
[69890, 1545199, 618400, 6170677, 41435625, 40414597, 64244121, 138505710, 143382877, 7718, 50364, 25503, 2007383, 40410398, 111694192]
nnzbs:
[372, 49, 43, 4, 2, 2, 2, 1, 1, 690, 61, 129, 27, 2, 1]


### get_tew_data ###
num_flops:
[26021854, 76879419, 26953732, 28421308, 99546551, 112890310, 139920771, 140126181, 143599552, 5330673, 3101609, 3309490, 54202099, 112890310, 140126220]
num_bytes_coo:
[312262248, 922553028, 323444784, 341055696, 1194558612, 1354683720, 1679049252, 1681514172, 1723194624, 63968076, 37219308, 39713880, 650425188, 1354683720, 1681514640]
num_bytes_hicoo:
[312262248, 922553028, 323444784, 341055696, 1194558612, 1354683720, 1679049252, 1681514172, 1723194624, 63968076, 37219308, 39713880, 650425188, 1354683720, 1681514640]

gpu_times_coo:
0.0007, 0.0018, 0.0007, 0.0007, 0.0023, 0.0026, 0.0032, 0.0032, 0.0032, 0.0002, 0.0002, 0.0001, 0.0013, 0.0026, 0.0032, 
gpu_times_hicoo:
0.0007, 0.0018, 0.0007, 0.0007, 0.0023, 0.0026, 0.0032, 0.0032, 0.0032, 0.0002, 0.0002, 0.0002, 0.0013, 0.0026, 0.0032, 

gpu_gbytes_coo:
446.2251, 501.1547, 458.6516, 465.4428, 517.0400, 523.9185, 530.3777, 527.9341, 532.3290, 301.5897, 233.9848, 266.6263, 487.1971, 524.9087, 527.6828, 
gpu_gbytes_hicoo:
445.9280, 501.2412, 460.2723, 463.5931, 516.5933, 524.0745, 530.4247, 528.1969, 532.3904, 293.5686, 232.7469, 239.8619, 488.8043, 524.0956, 528.3490, 

oi_coo:
0.0833, 0.0833, 0.0833, 0.0833, 0.0833, 0.0833, 0.0833, 0.0833, 0.0833, 0.0833, 0.0833, 0.0833, 0.0833, 0.0833, 0.0833, 
oi_hicoo:
0.0833, 0.0833, 0.0833, 0.0833, 0.0833, 0.0833, 0.0833, 0.0833, 0.0833, 0.0833, 0.0833, 0.0833, 0.0833, 0.0833, 0.0833, 

gpu_gflops_coo:
37.19, 41.76, 38.22, 38.79, 43.09, 43.66, 44.20, 43.99, 44.36, 25.13, 19.50, 22.22, 40.60, 43.74, 43.97, 
gpu_gflops_hicoo:
37.16, 41.77, 38.36, 38.63, 43.05, 43.67, 44.20, 44.02, 44.37, 24.46, 19.40, 19.99, 40.73, 43.67, 44.03, 

predicted_gflops_mem_coo:
43.0833, 43.0833, 43.0833, 43.0833, 43.0833, 43.0833, 43.0833, 43.0833, 43.0833, 43.0833, 43.0833, 43.0833, 43.0833, 43.0833, 43.0833, 
predicted_gflops_mem_hicoo:
43.0833, 43.0833, 43.0833, 43.0833, 43.0833, 43.0833, 43.0833, 43.0833, 43.0833, 43.0833, 43.0833, 43.0833, 43.0833, 43.0833, 43.0833, 

predicted_gflops_cache_coo:
160.0000, 160.0000, 160.0000, 160.0000, 160.0000, 160.0000, 160.0000, 160.0000, 160.0000, 160.0000, 160.0000, 160.0000, 160.0000, 160.0000, 160.0000, 
predicted_gflops_cache_hicoo:
160.0000, 160.0000, 160.0000, 160.0000, 160.0000, 160.0000, 160.0000, 160.0000, 160.0000, 160.0000, 160.0000, 160.0000, 160.0000, 160.0000, 160.0000, 


get_ts_data
num_flops:
[26021854, 76879419, 26953732, 28421308, 99546551, 112890310, 139920771, 140126181, 143599552, 5330673, 3101609, 3309490, 54202099, 112890310, 140126220]
num_bytes_coo:
[208174832, 615035352, 215629856, 227370464, 796372408, 903122480, 1119366168, 1121009448, 1148796416, 42645384, 24812872, 26475920, 433616792, 903122480, 1121009760]
num_bytes_hicoo:
[208174832, 615035352, 215629856, 227370464, 796372408, 903122480, 1119366168, 1121009448, 1148796416, 42645384, 24812872, 26475920, 433616792, 903122480, 1121009760]

gpu_times_coo:
0.0005, 0.0012, 0.0005, 0.0005, 0.0016, 0.0018, 0.0022, 0.0022, 0.0023, 0.0002, 0.0001, 0.0001, 0.0009, 0.0018, 0.0022, 
gpu_times_hicoo:
0.0005, 0.0012, 0.0005, 0.0005, 0.0016, 0.0018, 0.0022, 0.0022, 0.0023, 0.0002, 0.0001, 0.0001, 0.0009, 0.0018, 0.0022, 

gpu_gbytes_coo:
416.0195, 497.5941, 448.1956, 462.0352, 502.9541, 509.0628, 499.8222, 500.9480, 497.5437, 267.0139, 188.8717, 213.6885, 482.3644, 508.8083, 501.5185, 
gpu_gbytes_hicoo:
427.7274, 493.1849, 438.2897, 456.1783, 502.5617, 509.9011, 499.5438, 501.1621, 496.9984, 242.7773, 185.2016, 195.0407, 481.3669, 506.3139, 501.4327, 

oi_coo:
0.1250, 0.1250, 0.1250, 0.1250, 0.1250, 0.1250, 0.1250, 0.1250, 0.1250, 0.1250, 0.1250, 0.1250, 0.1250, 0.1250, 0.1250, 
oi_hicoo:
0.1250, 0.1250, 0.1250, 0.1250, 0.1250, 0.1250, 0.1250, 0.1250, 0.1250, 0.1250, 0.1250, 0.1250, 0.1250, 0.1250, 0.1250, 

gpu_gflops_coo:
52.00, 62.20, 56.02, 57.75, 62.87, 63.63, 62.48, 62.62, 62.19, 33.38, 23.61, 26.71, 60.30, 63.60, 62.69, 
gpu_gflops_hicoo:
53.47, 61.65, 54.79, 57.02, 62.82, 63.74, 62.44, 62.65, 62.12, 30.35, 23.15, 24.38, 60.17, 63.29, 62.68, 

predicted_gflops_mem_coo:
64.6250, 64.6250, 64.6250, 64.6250, 64.6250, 64.6250, 64.6250, 64.6250, 64.6250, 64.6250, 64.6250, 64.6250, 64.6250, 64.6250, 64.6250, 
predicted_gflops_mem_hicoo:
64.6250, 64.6250, 64.6250, 64.6250, 64.6250, 64.6250, 64.6250, 64.6250, 64.6250, 64.6250, 64.6250, 64.6250, 64.6250, 64.6250, 64.6250, 

predicted_gflops_cache_coo:
240.0000, 240.0000, 240.0000, 240.0000, 240.0000, 240.0000, 240.0000, 240.0000, 240.0000, 240.0000, 240.0000, 240.0000, 240.0000, 240.0000, 240.0000, 
predicted_gflops_cache_hicoo:
240.0000, 240.0000, 240.0000, 240.0000, 240.0000, 240.0000, 240.0000, 240.0000, 240.0000, 240.0000, 240.0000, 240.0000, 240.0000, 240.0000, 240.0000, 


get_ttv_data
num_flops:
[52043708, 153758838, 53907464, 56842616, 199093102, 225780620, 279841542, 280252362, 287199104, 10661346, 6203218, 6618980, 108404198, 225780620, 280252440]
num_bytes_coo:
[452572152.0, 1095062801.3333333, 455359877.3333333, 513572941.3333334, 1567612788.0, 1802788727.1111112, 2304407898.095238, 2333432316.0, 2450706184.888889, 701654517.2903225, 605386239.6571429, 550753954.2564102, 1147532235.0697675, 1904022715.06383, 2313137985.254902]
num_bytes_hicoo:
[452572152.0, 1095062801.3333333, 455359877.3333333, 513572941.3333334, 1567612788.0, 1802788727.1111112, 2304407898.095238, 2333432316.0, 2450706184.888889, 701654517.2903225, 605386239.6571429, 550753954.2564102, 1147532235.0697675, 1904022715.06383, 2313137985.254902]

gpu_times_coo:
0.0028, 0.0091, 0.0076, 0.0812, 0.0491, 0.0108, 0.0868, 0.0198, 0.0240, 0.0005, 0.0003, 0.0002, 0.0051, 0.0089, 0.0131, 
gpu_times_hicoo:
0.0029, 0.0092, 0.0076, 0.0808, 0.0516, 0.0119, 0.0864, 0.0215, 0.0247, 0.0005, 0.0003, 0.0003, 0.0047, 0.0097, 0.0142, 

gpu_gbytes_coo:
159.7760, 119.9296, 59.6601, 6.3249, 31.8974, 166.5753, 26.5503, 117.9455, 102.1595, 1371.3173, 1988.3068, 2204.5846, 226.5089, 214.7791, 177.1706, 
gpu_gbytes_hicoo:
156.9635, 119.3340, 59.8784, 6.3547, 30.3815, 151.7510, 26.6747, 108.5698, 99.1544, 1285.2575, 1831.1311, 1896.0933, 246.3629, 196.6742, 163.0934, 

oi_coo:
0.1150, 0.1404, 0.1184, 0.1107, 0.1270, 0.1252, 0.1214, 0.1201, 0.1172, 0.0152, 0.0102, 0.0120, 0.0945, 0.1186, 0.1212, 
oi_hicoo:
0.1150, 0.1404, 0.1184, 0.1107, 0.1270, 0.1252, 0.1214, 0.1201, 0.1172, 0.0152, 0.0102, 0.0120, 0.0945, 0.1186, 0.1212, 

gpu_gflops_coo:
18.37, 16.84, 7.06, 0.70, 4.05, 20.86, 3.22, 14.17, 11.97, 20.84, 20.37, 26.49, 21.40, 25.47, 21.47, 
gpu_gflops_hicoo:
18.05, 16.76, 7.09, 0.70, 3.86, 19.01, 3.24, 13.04, 11.62, 19.53, 18.76, 22.79, 23.27, 23.32, 19.76, 

predicted_gflops_mem_coo:
59.4526, 72.5925, 61.2047, 57.2219, 65.6611, 64.7489, 62.7832, 62.0933, 60.5874, 7.8556, 5.2975, 6.2133, 48.8396, 61.3063, 62.6381, 
predicted_gflops_mem_hicoo:
59.4526, 72.5925, 61.2047, 57.2219, 65.6611, 64.7489, 62.7832, 62.0933, 60.5874, 7.8556, 5.2975, 6.2133, 48.8396, 61.3063, 62.6381, 

predicted_gflops_cache_coo:
220.7911, 269.5891, 227.2979, 212.5070, 243.8477, 240.4601, 233.1600, 230.5979, 225.0055, 29.1736, 19.6737, 23.0746, 181.3771, 227.6752, 232.6211, 
predicted_gflops_cache_hicoo:
220.7911, 269.5891, 227.2979, 212.5070, 243.8477, 240.4601, 233.1600, 230.5979, 225.0055, 29.1736, 19.6737, 23.0746, 181.3771, 227.6752, 232.6211, 


get_ttm_data
num_flops:
[832699328, 2460141408, 862519424, 909481856, 3185489632, 3612489920, 4477464672, 4484037792, 4595185664, 170581536, 99251488, 105903680, 1734467168, 3612489920, 4484039040]
num_bytes_coo:
[2504968056.0, 6311612148.0, 2534286624.0, 2822661780.0, 8846095464.0, 10144574852.0, 12888409419.428572, 13022716680.0, 13612969768.0, 3253397441.8064513, 2780067040.457143, 2537963614.1538463, 6139532839.813953, 10600127797.787235, 12931392893.647058]
num_bytes_hicoo:
[2504968056.0, 6311612148.0, 2534286624.0, 2822661780.0, 8846095464.0, 10144574852.0, 12888409419.428572, 13022716680.0, 13612969768.0, 3253397441.8064513, 2780067040.457143, 2537963614.1538463, 6139532839.813953, 10600127797.787235, 12931392893.647058]

gpu_times_coo:
0.0085, 0.0202, 0.0126, 0.1140, 0.1251, 0.0446, 0.2340, 0.0709, 0.1118, 0.0019, 0.0012, 0.0010, 0.0174, 0.0506, 0.0990, 
gpu_times_hicoo:
0.0087, 0.0204, 0.0126, 0.1142, 0.1292, 0.0460, 0.2327, 0.0740, 0.1130, 0.0020, 0.0013, 0.0010, 0.0176, 0.0518, 0.1019, 

gpu_gbytes_coo:
295.7768, 311.8303, 201.4503, 24.7667, 70.7376, 227.6093, 55.0824, 183.5823, 121.7306, 1705.2706, 2279.7728, 2571.1115, 352.1613, 209.3127, 130.6567, 
gpu_gbytes_hicoo:
288.1996, 308.8943, 200.5871, 24.7078, 68.4857, 220.7730, 55.3899, 176.0100, 120.4223, 1622.3367, 2116.2648, 2477.9847, 349.4439, 204.5986, 126.9144, 

oi_coo:
0.3324, 0.3898, 0.3403, 0.3222, 0.3601, 0.3561, 0.3474, 0.3443, 0.3376, 0.0524, 0.0357, 0.0417, 0.2825, 0.3408, 0.3468, 
oi_hicoo:
0.3324, 0.3898, 0.3403, 0.3222, 0.3601, 0.3561, 0.3474, 0.3443, 0.3376, 0.0524, 0.0357, 0.0417, 0.2825, 0.3408, 0.3468, 

gpu_gflops_coo:
98.32, 121.55, 68.56, 7.98, 25.47, 81.05, 19.14, 63.21, 41.09, 89.41, 81.39, 107.29, 99.49, 71.33, 45.31, 
gpu_gflops_hicoo:
95.80, 120.40, 68.27, 7.96, 24.66, 78.62, 19.24, 60.60, 40.65, 85.06, 75.55, 103.40, 98.72, 69.73, 44.01, 

predicted_gflops_mem_coo:
171.8607, 201.5164, 175.9558, 166.5811, 186.1723, 184.1040, 179.6071, 178.0157, 174.5182, 27.1072, 18.4575, 21.5733, 146.0566, 176.1920, 179.2729, 
predicted_gflops_mem_hicoo:
171.8607, 201.5164, 175.9558, 166.5811, 186.1723, 184.1040, 179.6071, 178.0157, 174.5182, 27.1072, 18.4575, 21.5733, 146.0566, 176.1920, 179.2729, 

predicted_gflops_cache_coo:
638.2447, 748.3780, 653.4530, 618.6378, 691.3943, 683.7133, 667.0127, 661.1027, 648.1140, 100.6691, 68.5461, 80.1174, 542.4154, 654.3299, 665.7717, 
predicted_gflops_cache_hicoo:
638.2447, 748.3780, 653.4530, 618.6378, 691.3943, 683.7133, 667.0127, 661.1027, 648.1140, 100.6691, 68.5461, 80.1174, 542.4154, 654.3299, 665.7717, 


get_mttkrp_data
num_flops:
[1249048992, 3690212112, 1293779136, 1364222784, 4778234448, 5418734880, 6716197008, 6726056688, 6892778496, 341163072, 198502976, 211807360, 3468934336, 7224979840, 8968078080]
num_bytes_coo:
[7077944288, 20911201968, 7331415104, 7730595776, 27076661872, 30706164320, 38058449712, 38114321232, 39059078144, 1812428820, 1054547060, 1125226600, 18428713660, 38382705400, 47642914800]
num_bytes_hicoo:
[6839315258, 19952036169, 7008391324, 6641135944, 22740578357, 22290797774, 35157317769, 39208459227, 40578870916, 1746965016, 1009126888, 1079851832, 17825583104, 27735626752, 39543811808]

gpu_times_coo:
0.1199, 0.0565, 0.0414, 0.0509, 0.2203, 0.0710, 0.2455, 0.0937, 0.1433, 0.0165, 0.0090, 0.0087, 0.0571, 0.0786, 0.1046, 
gpu_times_hicoo:
0.1440, 0.0620, 0.0413, 0.1043, 0.6438, 0.6013, 0.9972, 0.6965, 0.4087, 0.0175, 0.0079, 0.0095, 0.0762, 0.6661, 1.8728, 

gpu_gbytes_coo:
59.0110, 369.8388, 177.1548, 151.8865, 122.9301, 432.7426, 155.0060, 406.9494, 272.6133, 109.5602, 116.5965, 128.9100, 322.8514, 488.4191, 455.5824, 
gpu_gbytes_hicoo:
47.4887, 321.5536, 169.5035, 63.7022, 35.3226, 37.0707, 35.2570, 56.2924, 99.2937, 99.6441, 128.0993, 113.8635, 233.9941, 41.6368, 21.1150, 

oi_coo:
0.1765, 0.1765, 0.1765, 0.1765, 0.1765, 0.1765, 0.1765, 0.1765, 0.1765, 0.1882, 0.1882, 0.1882, 0.1882, 0.1882, 0.1882, 
oi_hicoo:
0.1826, 0.1850, 0.1846, 0.2054, 0.2101, 0.2431, 0.1910, 0.1715, 0.1699, 0.1953, 0.1967, 0.1961, 0.1946, 0.2605, 0.2268, 

gpu_gflops_coo:
10.41, 65.27, 31.26, 26.80, 21.69, 76.37, 27.35, 71.81, 48.11, 20.62, 21.95, 24.27, 60.77, 91.94, 85.76, 
gpu_gflops_hicoo:
8.67, 59.47, 31.29, 13.09, 7.42, 9.01, 6.74, 9.66, 16.87, 19.46, 25.20, 22.33, 45.54, 10.85, 4.79, 

predicted_gflops_mem_coo:
91.2353, 91.2353, 91.2353, 91.2353, 91.2353, 91.2353, 91.2353, 91.2353, 91.2353, 97.3176, 97.3176, 97.3176, 97.3176, 97.3176, 97.3176, 
predicted_gflops_mem_hicoo:
94.4186, 95.6213, 95.4404, 106.2022, 108.6317, 125.6790, 98.7639, 88.6893, 87.8183, 100.9644, 101.6979, 101.4069, 100.6104, 134.6757, 117.2496, 

predicted_gflops_cache_coo:
338.8235, 338.8235, 338.8235, 338.8235, 338.8235, 338.8235, 338.8235, 338.8235, 338.8235, 361.4118, 361.4118, 361.4118, 361.4118, 361.4118, 361.4118, 
predicted_gflops_cache_hicoo:
350.6453, 355.1120, 354.4402, 394.4066, 403.4291, 466.7384, 366.7828, 329.3684, 326.1336, 374.9549, 377.6787, 376.5981, 373.6402, 500.1496, 435.4337, 


